genes	logFC	logCPM	LR	PValue	FDR
TRINITY_DN11425_c1_g1	3.89811855932874	1.5860644100138	53.6614018218106	2.38197288461326e-13	7.40015128407604e-09
TRINITY_DN39908_c0_g1	4.86143859691071	1.02011387310973	53.1647313094103	3.06716594855392e-13	7.40015128407604e-09
TRINITY_DN23754_c0_g2	-3.58650471894912	2.16033028298346	46.4684392740209	9.31060618152714e-12	1.4975799689447e-07
TRINITY_DN15112_c0_g1	-4.50782838479101	3.01556247595028	42.1323197787427	8.53016772626e-11	1.02903678365738e-06
TRINITY_DN56139_c0_g3	-4.2038014072175	3.08185515059782	39.4661391515683	3.33797523011628e-10	3.22141313508062e-06
TRINITY_DN192863_c0_g1	5.35028238553142	3.29802236805221	37.816294557596	7.77298053412784e-10	6.25129004489675e-06
TRINITY_DN1428_c0_g2	-4.72488338643267	1.30176038027288	33.0676165638134	8.90089086234096e-09	5.67144312220508e-05
TRINITY_DN2961_c0_g1	1.91159677067285	6.57331717010394	32.8457095102638	9.97710324708101e-09	5.67144312220508e-05
TRINITY_DN6825_c0_g2	1.88116647133996	7.00099795740743	32.7320281472428	1.05779807062307e-08	5.67144312220508e-05
TRINITY_DN65439_c0_g2	3.33431841756326	0.260508164558973	31.6286980844556	1.86650794678789e-08	9.00664744643028e-05
TRINITY_DN24777_c0_g1	2.59485647381369	0.907647782252971	30.1743068444769	3.94906585020254e-08	0.000173234748668794
TRINITY_DN95746_c0_g1	2.69764383873403	2.39598266813591	29.8279862915778	4.721272641766e-08	0.000187534551610788
TRINITY_DN10278_c0_g1	3.80819230478738	3.6176769873177	29.6966038839442	5.05232555008962e-08	0.000187534551610788
TRINITY_DN2174_c1_g1	-3.13081323703915	2.10849301954084	27.6283377743491	1.47009199049059e-07	0.000506698706493807
TRINITY_DN122418_c0_g1	2.87188654009479	0.554667149066326	27.335343484886	1.71056067518893e-07	0.000550275965470444
TRINITY_DN21309_c0_g1	2.18186670477368	1.1161288329462	26.9683916758776	2.06809885740796e-07	0.000591506182027854
TRINITY_DN9161_c0_g2	-1.99442575264661	4.8396813979442	26.9536889008389	2.08389047425571e-07	0.000591506182027854
TRINITY_DN14640_c1_g1	2.42921188622242	1.58415661247623	26.3130970319852	2.90313264995882e-07	0.000778265349395071
TRINITY_DN24378_c0_g1	-5.92617450027916	3.75138465761899	26.072507114643	3.28833131027927e-07	0.000835132310769558
TRINITY_DN110427_c0_g2	1.98348906551709	5.46779570251388	25.8814982858588	3.63032099097818e-07	0.000875887545493306
TRINITY_DN6643_c0_g1	-3.97163280175177	1.28268306774384	25.785016874214	3.81639644168318e-07	0.000876935209033239
TRINITY_DN44300_c0_g1	-2.23274740530371	1.11937180130777	25.1875120076842	5.20179369988603e-07	0.00114094251451955
TRINITY_DN1831_c0_g1	5.88855392746243	4.87816760930795	24.8047813913816	6.34399090237692e-07	0.00133096929131868
TRINITY_DN43893_c0_g2	-1.81086297794048	2.36153930032051	24.6709431824698	6.80017331302932e-07	0.00136723151269549
TRINITY_DN24837_c1_g1	-2.49079607039481	0.588980308526276	24.3380720666686	8.08256741215671e-07	0.00156006483162484
TRINITY_DN46177_c0_g1	3.69878483714671	4.20316753049499	24.0291230589081	9.48895349489687e-07	0.0017610767767029
TRINITY_DN51618_c1_g1	-3.82405823894787	1.38995819915197	23.841849706747	1.04583753948508e-06	0.00186910535667826
TRINITY_DN10353_c0_g1	2.55006062093081	0.486320203608197	23.6617193460328	1.14844390405782e-06	0.00197917900522878
TRINITY_DN962_c9_g2	-2.24109998829591	1.85950236147463	23.3986265633942	1.31672514215652e-06	0.00211175730348992
TRINITY_DN72069_c0_g1	2.78393745836978	4.29772543669805	23.3825360709375	1.32778526561494e-06	0.00211175730348992
TRINITY_DN77810_c0_g1	4.78722702251724	1.43272505331774	23.3411478872355	1.35666424354846e-06	0.00211175730348992
TRINITY_DN13472_c0_g2	3.91190421450634	0.634374745118227	22.7532286134713	1.84194419248582e-06	0.00277753672075659
TRINITY_DN6825_c0_g1	2.03793740643423	3.66120143818483	22.5095125384833	2.0910553178848e-06	0.00301352365446903
TRINITY_DN42703_c0_g1	-1.66768828803692	1.11899035266312	22.4800785290101	2.12334323065335e-06	0.00301352365446903
TRINITY_DN8254_c0_g3	2.31669124607048	0.44152780746745	22.186239296575	2.47440923469316e-06	0.0034114326631681
TRINITY_DN95045_c0_g2	2.36831966233039	0.305045440930447	21.6440206931696	3.28231592922222e-06	0.00429793078223223
TRINITY_DN98583_c0_g1	3.23944179511657	1.24963600076465	21.636302887281	3.29554936259362e-06	0.00429793078223223
TRINITY_DN84704_c0_g1	6.03924904331893	3.47325605463193	21.1614641396968	4.22168289762761e-06	0.00528476026187155
TRINITY_DN19423_c1_g2	-2.47166504670634	0.498426205780924	21.1390872535074	4.27126559897605e-06	0.00528476026187155
TRINITY_DN42271_c0_g1	2.65934401528109	0.685375095183949	20.7921834274013	5.11914713569118e-06	0.00617548314714106
TRINITY_DN7224_c0_g1	-4.31958116998749	0.596773507863189	20.7080191882238	5.34915128221182e-06	0.00629555965784998
TRINITY_DN10198_c0_g1	3.37917276088478	3.00823804781354	20.6583207608383	5.48980888134251e-06	0.00630726756572147
TRINITY_DN256711_c0_g1	4.15563692276766	2.00836409679675	20.4103723216483	6.24901806430567e-06	0.00701256087616293
TRINITY_DN110062_c1_g1	3.41396475643292	1.2849816673577	20.3497412094202	6.45018110500702e-06	0.00707379634184111
TRINITY_DN77_c3_g2	3.63239728746616	0.757464823854252	19.7897127783728	8.64466938225422e-06	0.00902804259272198
TRINITY_DN73802_c0_g1	-2.66174804959603	2.47029453218924	19.7837676545938	8.67160010277214e-06	0.00902804259272198
TRINITY_DN53976_c0_g1	-3.18917806044167	0.22615765282837	19.7571032822171	8.79342649019631e-06	0.00902804259272198
TRINITY_DN1054_c4_g1	-1.4851854656424	6.00564766651706	19.6898254962919	9.10850370135313e-06	0.00915670286677279
TRINITY_DN14488_c0_g1	-2.66831510739485	0.836535029452904	19.5785684755927	9.65461523859793e-06	0.00950762864741438
TRINITY_DN18863_c0_g1	-2.91441288435752	2.82271354994879	19.4541849695787	1.03041817348025e-05	0.00992898364008731
TRINITY_DN5747_c0_g3	-4.91536428605141	0.283368693511929	19.4092651707257	1.05494022747891e-05	0.00992898364008731
TRINITY_DN29484_c0_g1	2.49958188937804	1.31862950062302	19.3822346411967	1.06997792780814e-05	0.00992898364008731
TRINITY_DN55684_c0_g1	-1.71073054828269	2.01474777050487	19.2733634266386	1.1327567694975e-05	0.010040270828858
TRINITY_DN36171_c1_g1	3.62420180628602	1.13893903704511	19.2672198505742	1.1364076421972e-05	0.010040270828858
TRINITY_DN102983_c0_g1	-2.20493034229297	2.00996719925797	19.2538528711437	1.14439195836032e-05	0.010040270828858
TRINITY_DN9717_c0_g2	6.27335823581573	2.07550892789393	19.1441645355519	1.21207500219951e-05	0.0104441905635955
TRINITY_DN34453_c0_g2	7.9889846414281	5.53234933134239	19.1065687277859	1.23618688481038e-05	0.0104650810420421
TRINITY_DN5416_c1_g1	3.00662519800727	0.537768593129745	19.0166792234466	1.29580808828607e-05	0.0107806764641649
TRINITY_DN33632_c6_g1	-3.96432682831932	0.788644334316262	18.8153173084323	1.44005956737825e-05	0.0117777346380119
TRINITY_DN2480_c0_g1	-3.56696616818557	0.661651376645395	18.6970996869187	1.53215356666566e-05	0.0123220897009808
TRINITY_DN49415_c0_g1	4.34072743782127	0.463405820179061	18.6539273322263	1.56724108895877e-05	0.0123534965122985
TRINITY_DN28034_c0_g1	3.3413014510328	1.86663621501952	18.6297277137059	1.58726071157315e-05	0.0123534965122985
TRINITY_DN4303_c0_g1	8.50833149023365	7.47747277250584	18.4626048310162	1.73270984729926e-05	0.013271457297076
TRINITY_DN1708_c0_g1	4.28282561164748	0.529494377489662	18.4139570441147	1.77751243188369e-05	0.0134018882637681
TRINITY_DN299678_c0_g1	2.51295217336241	0.425745553922762	18.2914628027315	1.89554753777458e-05	0.0140064373845047
TRINITY_DN1619_c0_g1	2.78333315755941	3.80632502142619	18.2449890190386	1.94236264106579e-05	0.0140064373845047
TRINITY_DN3729_c0_g2	2.76463455981981	0.194073076818035	18.2426256916739	1.94477412185895e-05	0.0140064373845047
TRINITY_DN13770_c0_g1	7.61709851203638	8.49192062875294	18.0861330215836	2.11133496596177e-05	0.0145932885502878
TRINITY_DN5875_c1_g3	-2.60185213895809	3.90036022046905	18.0430454678445	2.15966104399453e-05	0.0145932885502878
TRINITY_DN92513_c0_g3	3.45511694774241	0.430658655595988	18.042273764348	2.16053662534708e-05	0.0145932885502878
TRINITY_DN2370_c0_g1	5.15315204133122	3.24891481774275	18.0361836373434	2.16745906023963e-05	0.0145932885502878
TRINITY_DN27797_c5_g1	1.82193282882623	1.88152642377424	18.0274100953767	2.17747083272002e-05	0.0145932885502878
TRINITY_DN49080_c0_g2	-1.69398513925361	2.85317231098026	17.8762221573945	2.357482873546e-05	0.0155832847369985
TRINITY_DN344_c2_g2	2.02814411903886	6.3454480300584	17.7741853437231	2.48735283684227e-05	0.0161332868397744
TRINITY_DN15302_c0_g1	3.35937402828021	0.243995487780596	17.7513517319335	2.51738563639582e-05	0.0161332868397744
TRINITY_DN1125_c0_g1	5.83526958524274	7.90016937204295	17.7240708666435	2.55374599226117e-05	0.0161332868397744
TRINITY_DN8658_c1_g1	-1.55437188492634	3.81374034478872	17.6992346940631	2.58730675235554e-05	0.0161332868397744
TRINITY_DN3231_c0_g1	-1.65900035254255	4.83350971675579	17.6680640483125	2.63005508513455e-05	0.0161332868397744
TRINITY_DN13775_c1_g1	1.93300634749087	2.83790590828595	17.6599540324106	2.64129328209511e-05	0.0161332868397744
TRINITY_DN1494_c0_g2	2.0131555546168	3.04147863725811	17.5923371162765	2.73688958549443e-05	0.016508233757306
TRINITY_DN43439_c0_g1	7.95261762582036	7.1852582054695	17.5389614307133	2.81480145659241e-05	0.0167520270107185
TRINITY_DN685_c0_g1	2.83157823422174	4.47043916224661	17.5015521152549	2.87073228994264e-05	0.0167520270107185
TRINITY_DN27043_c0_g1	1.11018496890036	3.62820137831475	17.4944626744766	2.88145696085223e-05	0.0167520270107185
TRINITY_DN45866_c0_g1	5.00938379890587	2.0495994878327	17.4615615815252	2.93175809385144e-05	0.0168415541738937
TRINITY_DN110707_c0_g1	4.14958798950151	0.367799575076711	17.3917011909923	3.04151055259531e-05	0.0171007715037634
TRINITY_DN310098_c0_g1	4.36644292934067	4.37713798784292	17.3829869623402	3.05548739233508e-05	0.0171007715037634
TRINITY_DN8187_c0_g1	5.53462821010236	3.88741345922919	17.3658269093607	3.08319957066236e-05	0.0171007715037634
TRINITY_DN3301_c0_g3	1.96063389894371	1.54298296855521	17.3379011539984	3.12883861027244e-05	0.0171567020795553
TRINITY_DN66810_c0_g1	3.77288888835993	3.46032284392028	17.2736538491917	3.23643274637277e-05	0.0175472837914013
TRINITY_DN7756_c0_g1	5.67104923604653	5.92575446987627	17.1567913545903	3.44176652057353e-05	0.0183640881790441
TRINITY_DN23559_c0_g2	1.47166641240776	3.47179617420189	17.1449997257852	3.46319895613423e-05	0.0183640881790441
TRINITY_DN26340_c0_g1	-5.2097452891104	1.0420248184159	17.1165114701323	3.51553434897983e-05	0.0184389776603992
TRINITY_DN29343_c0_g1	-2.00381192070547	2.51069357330568	17.0578371106116	3.62584262651745e-05	0.0188130548494595
TRINITY_DN120347_c0_g1	2.21375677001706	0.432298106729087	16.8959632122912	3.94854666147184e-05	0.0199413001616192
TRINITY_DN212335_c0_g1	3.19624140630277	1.17399697085291	16.8777060632669	3.98670953370904e-05	0.0199413001616192
TRINITY_DN78651_c0_g1	2.78215671730577	1.69005118355275	16.8718676071882	3.99899172074811e-05	0.0199413001616192
TRINITY_DN6150_c0_g1	3.00595234479113	0.648028356034354	16.8486219135497	4.04827138803057e-05	0.0199413001616192
TRINITY_DN2707_c0_g1	-4.82636564625396	3.10345582028349	16.8478501261144	4.04991796708807e-05	0.0199413001616192
TRINITY_DN16477_c0_g1	2.34949272568719	0.300344287370178	16.7972338788204	4.15938887192814e-05	0.0202734495581839
TRINITY_DN48957_c0_g1	2.39306274389497	3.30971335773323	16.7721691983435	4.2146942045419e-05	0.0203099933004343
TRINITY_DN9199_c0_g3	-2.3694822184124	0.704034895765737	16.7558649483274	4.2510658667548e-05	0.0203099933004343
TRINITY_DN65048_c0_g1	3.50470961454978	1.37603302233222	16.7256023188389	4.31941453325521e-05	0.0204342185184017
TRINITY_DN36228_c0_g1	4.33544936469958	4.50040566927545	16.7038488110898	4.36922672115739e-05	0.0204691908934688
TRINITY_DN14747_c1_g1	-4.97599692282889	3.21950168416821	16.6664738167278	4.45616206927897e-05	0.0206757350472103
TRINITY_DN2338_c2_g1	4.34627951716212	2.45503235737014	16.6158552041373	4.57668192316637e-05	0.0210326866209972
TRINITY_DN89531_c0_g1	5.30501909203541	2.67850542593173	16.5220014780156	4.80888201871168e-05	0.0218913012198975
TRINITY_DN28430_c0_g1	1.4266475154977	2.86069374650697	16.4686013996647	4.94624738300529e-05	0.0222090544023924
TRINITY_DN376_c0_g2	5.49785079780108	2.49126325353299	16.4446863162392	5.00903867976023e-05	0.0222090544023924
TRINITY_DN9805_c0_g1	4.75381082990955	4.89438746934124	16.4417667059128	5.01675908704102e-05	0.0222090544023924
TRINITY_DN35550_c0_g2	1.36956824168958	3.5669449783002	16.3883787308422	5.16006330300486e-05	0.0226357904202906
TRINITY_DN2785_c1_g1	5.74879118758315	3.64284205776053	16.3556493177277	5.24994371361191e-05	0.0228225931492459
TRINITY_DN278_c0_g2	4.07453928395792	0.639494939936542	16.3253256502037	5.33462203310957e-05	0.0229836474630062
TRINITY_DN26864_c0_g1	1.83186317305709	0.192837995767597	16.3013545238034	5.40253195323104e-05	0.0230702457408151
TRINITY_DN14747_c0_g2	-4.77465658616019	4.74896217360053	16.2530607282958	5.54199934963957e-05	0.0234582137383779
TRINITY_DN13019_c0_g1	5.1142693845536	3.80263989682293	16.2210124625726	5.63654439784999e-05	0.0234885552064444
TRINITY_DN14533_c0_g3	-1.57271370603894	1.18463358736337	16.2176621300321	5.64652133283779e-05	0.0234885552064444
TRINITY_DN376_c0_g1	6.11877955223739	7.4777051044823	16.19861542	5.70357882892761e-05	0.0235231190436814
TRINITY_DN102031_c0_g1	1.42561981972908	1.23005315736287	16.1666722126109	5.80057456266634e-05	0.0235564045797161
TRINITY_DN6264_c0_g1	-1.55374183102527	5.03290463712797	16.1496124157352	5.85305454492513e-05	0.0235564045797161
TRINITY_DN54332_c0_g1	1.56620637870723	2.92857860738863	16.1479797366093	5.8581020217307e-05	0.0235564045797161
TRINITY_DN17706_c0_g1	-2.65238675477291	3.1221419595753	16.0540929615696	6.15584206237225e-05	0.0245490911469182
TRINITY_DN26174_c0_g1	-1.51703530281926	4.60578531877004	16.0301438119247	6.23419774648943e-05	0.0245613612480335
TRINITY_DN28120_c0_g1	4.93435642185104	2.59219575614375	16.02210615074	6.26071918081012e-05	0.0245613612480335
TRINITY_DN22360_c2_g1	1.61221048720251	1.47893718540766	15.931813516189	6.56656637763891e-05	0.025553475321499
TRINITY_DN38820_c1_g1	-1.62763248524596	4.19358478151377	15.9050480394775	6.66008439368269e-05	0.0257100569866212
TRINITY_DN51231_c0_g1	1.69257044810447	1.32213399586454	15.8444079903723	6.8769456669371e-05	0.0262873891715763
TRINITY_DN29807_c0_g1	-1.63874282357181	0.566144425596136	15.8329824382531	6.91859415756247e-05	0.0262873891715763
TRINITY_DN165327_c0_g1	4.45993168059192	3.28978672254212	15.8109867498997	6.99948872098668e-05	0.0263869788080071
TRINITY_DN8073_c0_g1	1.86826921782857	4.26651075013561	15.7774077297998	7.12482268054642e-05	0.0266512553199292
TRINITY_DN24763_c1_g1	-3.60839122255462	1.62874518611552	15.7342176199964	7.28935542059015e-05	0.0268020635733395
TRINITY_DN13441_c0_g2	6.62858270958135	2.02750783880642	15.721459289953	7.33868569041119e-05	0.0268020635733395
TRINITY_DN23705_c1_g1	-4.86700579732423	0.852426194334724	15.7193876197036	7.34672746725321e-05	0.0268020635733395
TRINITY_DN19340_c0_g1	-3.19942138095287	1.31897579141204	15.708966691026	7.38731391232675e-05	0.0268020635733395
TRINITY_DN38311_c0_g1	2.04366233327208	2.67506862271969	15.5939967024409	7.85034369546137e-05	0.0280865695036634
TRINITY_DN84393_c0_g1	4.61972472234438	1.91909557708009	15.5922095888052	7.85776698925387e-05	0.0280865695036634
TRINITY_DN16077_c0_g1	3.12502046899944	1.51582325545073	15.5406985106687	8.07479560720842e-05	0.0286500872963408
TRINITY_DN13793_c0_g2	-3.12610550284924	0.788118377442364	15.4406226866625	8.51383327660063e-05	0.0299873365641669
TRINITY_DN25023_c0_g1	-2.53448983337839	3.38505375837563	15.4190678813901	8.61149569015897e-05	0.0301115299299225
TRINITY_DN2118_c0_g3	6.43463301532011	2.31079093899604	15.3729762893293	8.82413070209345e-05	0.0306330649567494
TRINITY_DN8725_c0_g1	-4.27083344204613	5.32491001211295	15.2942970379528	9.19938253300814e-05	0.0317076431962696
TRINITY_DN55643_c1_g2	4.04621113292717	0.716534482997371	15.2362678591567	9.48639947161748e-05	0.0322373606346509
TRINITY_DN10288_c0_g1	-1.97493046647342	2.12648015029725	15.2362109200651	9.48668547710123e-05	0.0322373606346509
TRINITY_DN2266_c3_g1	1.26724566229537	4.67406318253492	15.2131462242724	9.60325621299964e-05	0.0324052814896563
TRINITY_DN21664_c0_g2	-1.38043329619585	3.96322346742984	15.1703521112192	9.82337305381148e-05	0.0329178502318486
TRINITY_DN13113_c0_g1	-1.04100147449469	5.1899029991147	15.1493446558315	9.93327847704034e-05	0.0330565806642141
TRINITY_DN23502_c0_g1	6.05169893628364	8.50496612057375	15.1130979060638	0.000101258295743447	0.0334665602931801
TRINITY_DN8654_c0_g1	2.69993712677954	0.555326874207437	15.058644987508	0.000104221803262103	0.0340684622457583
TRINITY_DN20007_c0_g1	3.32911115456109	2.07481266007821	15.0528651073266	0.00010454144400793	0.0340684622457583
TRINITY_DN9400_c0_g1	2.0964258424861	1.43557390734734	15.0410572700429	0.000105197514705889	0.0340684622457583
TRINITY_DN10600_c0_g1	-2.20195550858268	2.29561100065614	15.0060088740756	0.000107169391557297	0.034475678801372
TRINITY_DN20275_c0_g1	-2.43913523386323	1.44484246547317	14.9653722138208	0.000109502295760995	0.034992872712921
TRINITY_DN39050_c0_g1	-2.79372208397425	4.03015361761759	14.9373410624764	0.000111141257959326	0.0352829622471665
TRINITY_DN200767_c0_g1	4.73464797971211	1.71701578107904	14.8739761597044	0.000114937740944167	0.0359605910250459
TRINITY_DN19927_c0_g1	3.09637878014609	4.34793476469473	14.8725293792992	0.000115025931872176	0.0359605910250459
TRINITY_DN58208_c0_g1	3.02582482334658	1.8839148563542	14.8645836380175	0.000115511493531772	0.0359605910250459
TRINITY_DN3220_c0_g1	4.55837500482363	3.6607264252306	14.8326570991731	0.000117483404048407	0.0361814752298403
TRINITY_DN5438_c0_g1	2.75960387874452	0.640808224939102	14.8288525453267	0.00011772063686088	0.0361814752298403
TRINITY_DN137653_c0_g2	-2.96214950813819	2.23460353452721	14.7721878938322	0.000121311578564023	0.0370491703292935
TRINITY_DN31650_c0_g1	4.28523585886683	1.4921070186737	14.7488297333464	0.000122823736358426	0.0372750727939591
TRINITY_DN46069_c0_g3	1.50325398787511	2.57673673231964	14.7093364885594	0.000125423736543517	0.037826231144818
TRINITY_DN80943_c0_g1	1.51009236462183	3.36113128288935	14.6961122190456	0.000126306669508339	0.0378559132326422
TRINITY_DN81598_c0_g1	1.89956295660284	3.06637756557842	14.6705484328235	0.000128031242936632	0.0381359234361991
TRINITY_DN5032_c1_g1	-2.13648183778369	0.914823564503816	14.5459549357244	0.000136781999411402	0.0404925067459986
TRINITY_DN91262_c1_g1	2.10537436500451	0.500452296628365	14.4649263559772	0.000142793745575581	0.0420144475549031
TRINITY_DN48636_c0_g1	-1.61579455056603	1.79857038047177	14.4494873369836	0.000143969038805157	0.0421035272636608
TRINITY_DN47826_c0_g1	4.40276617508716	3.04721332664609	14.428404045144	0.000145589750791575	0.0422691214834339
TRINITY_DN15701_c0_g2	-1.80937270804421	1.10527444733085	14.4194036005961	0.000146287215313414	0.0422691214834339
TRINITY_DN1123_c0_g1	1.38074290756756	2.67975797786366	14.3896205100572	0.00014861925066583	0.0426645325476752
TRINITY_DN18062_c0_g3	1.59315914537455	2.49328098891048	14.3794518506279	0.000149424006311541	0.0426645325476752
TRINITY_DN15167_c0_g1	5.60254031301137	5.52367744921888	14.3165910398651	0.00015449719941811	0.0438535756513029
TRINITY_DN29984_c0_g1	3.98898228317492	2.14365563602864	14.3033299771792	0.000155589398110003	0.0439053264116965
TRINITY_DN12117_c0_g1	-2.53285788226744	1.0557162537356	14.2449520410252	0.00016049069803469	0.044490572384633
TRINITY_DN22331_c0_g1	2.59469918844729	2.14713184200838	14.2447367942639	0.000160509054504885	0.044490572384633
TRINITY_DN83885_c0_g2	3.66299875144017	2.42114449924879	14.2437663215881	0.000160591843696149	0.044490572384633
TRINITY_DN13830_c0_g1	-2.04037732259136	1.12673940490161	14.2348861531385	0.000161351394025589	0.044490572384633
TRINITY_DN1350_c0_g3	2.4821454534149	1.76861910657341	14.2117588677105	0.000163346572510039	0.0447848040335194
TRINITY_DN120293_c0_g1	4.3797909629837	0.512716579384162	14.1899772310834	0.00016524837885891	0.0449159009940895
TRINITY_DN21453_c0_g1	1.23967121963629	4.35540604700624	14.1849965671817	0.000165686375781239	0.0449159009940895
TRINITY_DN25227_c1_g1	-1.69483271439226	2.73456467774137	14.1397976817362	0.000169714980267366	0.0455213903715939
TRINITY_DN6595_c0_g1	4.07627226548196	3.10381070049393	14.1328775398949	0.000170340426741971	0.0455213903715939
TRINITY_DN16997_c1_g1	1.6636430432717	1.46837282520887	14.1186545866858	0.000171633204209054	0.0455213903715939
TRINITY_DN32825_c0_g2	1.60379783476716	3.40418062667694	14.1087734955029	0.000172537146620413	0.0455213903715939
TRINITY_DN124189_c0_g1	6.12320757791723	7.1627782139498	14.1076877521075	0.000172636764579137	0.0455213903715939
TRINITY_DN82532_c0_g1	2.82149445699446	2.14890845307215	14.0899386651404	0.0001742734984306	0.0456811610203618
TRINITY_DN51348_c0_g1	-1.55990300004005	3.90469914918768	14.0806524476612	0.000175136046519811	0.0456811610203618
TRINITY_DN10431_c0_g1	-2.03572435384452	3.56082980261009	14.0120018474767	0.000181647478519629	0.0471248248843343
TRINITY_DN172198_c0_g1	-2.40239732676785	1.60814522584813	13.9838127096899	0.000184391310545516	0.0475808465190553
TRINITY_DN48552_c0_g2	2.07647606109735	3.22144922305254	13.9518215653398	0.000187555831540852	0.0476202240093964
TRINITY_DN41922_c0_g1	3.6794027188272	0.300711412970863	13.9507134018874	0.000187666424587069	0.0476202240093964
TRINITY_DN6401_c0_g1	3.98027330877828	4.29746576572102	13.9499808209587	0.000187739571126536	0.0476202240093964
TRINITY_DN38422_c0_g1	4.41743458542983	4.39580269120359	13.9424679420892	0.00018849137451392	0.0476202240093964
TRINITY_DN10288_c0_g2	-2.03950712736718	1.29456869847892	13.8939964636856	0.000193415293422761	0.0484760440529825
TRINITY_DN38551_c0_g3	2.08363876025959	0.448208368727952	13.8894076733411	0.000193888102586845	0.0484760440529825
TRINITY_DN111225_c0_g1	5.5904217629549	1.66882080215116	13.8598639542874	0.000196960165655972	0.0487504994628113
TRINITY_DN2947_c0_g1	2.23018639513276	4.63811442370525	13.8594227651074	0.000197006411805202	0.0487504994628113
TRINITY_DN31813_c0_g1	5.50909164817518	2.4465760953477	13.8304086651591	0.000200071854344171	0.0492564656098143
