genes	logFC	logCPM	LR	PValue	FDR
TRINITY_DN11425_c1_g1	4.11744468408251	1.58585311551737	121.754212755934	2.61282394665485e-28	1.26079206721883e-23
TRINITY_DN39908_c0_g1	4.72956679992764	1.01976945707401	106.453421890376	5.8655044955566e-25	1.41517026964294e-20
TRINITY_DN2961_c0_g1	2.13954103788997	6.57331289202985	78.1330140736642	9.63304264025223e-19	1.54944279854244e-14
TRINITY_DN6825_c0_g2	2.01367656421939	7.0009945672443	75.234471493874	4.1800500023949e-18	5.04260332038909e-14
TRINITY_DN95746_c0_g1	2.94065306894433	2.39586082751199	71.441148865798	2.85652331606195e-17	2.75677352186506e-13
TRINITY_DN122418_c0_g1	3.13243488183596	0.554230845334555	66.3208579866599	3.83182358983814e-16	3.08168025840083e-12
TRINITY_DN21309_c0_g1	2.37765759189645	1.11591574757903	63.6653901561029	1.47452513402853e-15	1.01645336882018e-11
TRINITY_DN56139_c0_g3	-4.08973995091748	3.08192002131011	61.4873403620657	4.45599011276318e-15	2.68774183626593e-11
TRINITY_DN65439_c0_g2	3.17891805482841	0.26016301755629	58.1858576665108	2.38487360914727e-14	1.27866323484214e-10
TRINITY_DN6825_c0_g1	2.09415140235368	3.6611665332423	49.5256354242186	1.95796451314784e-12	9.44796196174359e-09
TRINITY_DN29484_c0_g1	2.81842018038326	1.31850076301538	49.1716446110939	2.34516316755774e-12	1.0287591226121e-08
TRINITY_DN51618_c1_g1	-4.13710215675272	1.39001075858506	48.9043479704496	2.68754315134176e-12	1.08070589354038e-08
TRINITY_DN2174_c1_g1	-3.12322790416565	2.10863712281341	48.1002474914193	4.0497537274681e-12	1.50320627973266e-08
TRINITY_DN1428_c0_g2	-4.23061836607187	1.30225649528449	43.2561006890495	4.80238032629343e-11	1.65524328760688e-07
TRINITY_DN15112_c0_g1	-3.79277456552969	3.01572178939641	42.5871645460401	6.76015368346827e-11	2.17469637228052e-07
TRINITY_DN26864_c0_g1	2.05972771534529	0.19266940187242	40.8043119709833	1.68261411689264e-10	5.07455384978358e-07
TRINITY_DN23754_c0_g2	-2.84575468528349	2.16043930065312	40.5232199893012	1.94293304380244e-10	5.5149582997437e-07
TRINITY_DN16477_c0_g1	2.77541238299477	0.30043664915411	38.6089189059941	5.17817579831582e-10	1.38815386095518e-06
TRINITY_DN44300_c0_g1	-2.00148083312223	1.1194504708074	37.8280898308216	7.72612502029486e-10	1.96219177225952e-06
TRINITY_DN212335_c0_g1	3.30229145720555	1.17400066171613	36.7419015137706	1.34849638318764e-09	3.25351722371681e-06
TRINITY_DN72069_c0_g1	2.43023101637544	4.29772709902134	36.5165962217939	1.51371911250464e-09	3.47823819308567e-06
TRINITY_DN24777_c0_g1	2.10165832628187	0.90754281370245	35.6947574291657	2.30784237340893e-09	5.06193754029429e-06
TRINITY_DN95045_c0_g2	2.22174895842964	0.305001197921787	35.0611120361737	3.19518413425836e-09	6.70349631367405e-06
TRINITY_DN73802_c0_g1	-2.61978295376316	2.47030064015375	34.2762421866525	4.78183753955298e-09	9.39114439711204e-06
TRINITY_DN66810_c0_g1	3.69554835782292	3.46035551645427	34.2424978851266	4.86547457055998e-09	9.39114439711204e-06
TRINITY_DN13775_c1_g1	1.84312385625947	2.83786991186859	33.6858802107376	6.4769113543286e-09	1.18908924162227e-05
TRINITY_DN71678_c0_g1	2.5084805690978	0.658195295185418	33.6335787560914	6.65341930695925e-09	1.18908924162227e-05
TRINITY_DN9161_c0_g2	-1.74661580612049	4.83970156626484	32.9590964931506	9.41183410146936e-09	1.62199515261537e-05
TRINITY_DN5416_c1_g1	2.85045320718691	0.537475988558937	32.5096881395068	1.18599824138933e-08	1.97341928068968e-05
TRINITY_DN5747_c0_g3	-4.69564589813879	0.284116713634861	32.1039167826989	1.46142382307069e-08	2.35065150528178e-05
TRINITY_DN34453_c0_g2	7.21760191920172	5.53231345670701	31.6668264698112	1.830219387401e-08	2.84888407482736e-05
TRINITY_DN10278_c0_g1	3.1901580718251	3.61771308798252	31.5050436149182	1.98922897012775e-08	2.99963296014201e-05
TRINITY_DN165327_c0_g1	4.32057489097814	3.28981269314398	31.3878397576643	2.11300155139971e-08	3.08972051094672e-05
TRINITY_DN46177_c0_g1	3.55967791997599	4.20313095861968	31.2597915801276	2.25706211997636e-08	3.17516542213145e-05
TRINITY_DN55643_c1_g2	4.03909391491224	0.716784883029506	31.2206448351666	2.30303787819872e-08	3.17516542213145e-05
TRINITY_DN14488_c0_g1	-2.41976771644923	0.836729806217336	30.05772504359	4.19374562163104e-08	5.62125003406067e-05
TRINITY_DN344_c2_g2	1.88998933677547	6.3454511264429	29.9769207730795	4.37219340384756e-08	5.70204920295298e-05
TRINITY_DN23559_c0_g2	1.37154917217533	3.47177127612787	29.903979418695	4.53980125282466e-08	5.76483078036319e-05
TRINITY_DN192863_c0_g1	4.75516727812493	3.29799786692994	29.6403838457112	5.20100028671536e-08	6.43510430346571e-05
TRINITY_DN49080_c0_g2	-1.78554009929894	2.85319790588229	28.2913692674164	1.04360252831843e-07	0.000125894991003694
TRINITY_DN45866_c0_g1	4.62401190748637	2.04961482424496	27.8205850011385	1.33102367579264e-07	0.000156651747443166
TRINITY_DN26174_c0_g1	-1.51664029776085	4.60578654208523	27.7183629246602	1.40324361915001e-07	0.000161219327615392
TRINITY_DN12117_c0_g1	-2.58467838746822	1.05568881824502	27.5211425016483	1.55386559488601e-07	0.000174372628873557
TRINITY_DN18201_c0_g1	2.07748214702844	0.720328798577835	26.2823807171123	2.94967444656086e-07	0.000323485433509881
TRINITY_DN84010_c0_g2	2.29637222959914	0.360668144943149	25.9469726780169	3.50925321037553e-07	0.000373997875228854
TRINITY_DN31813_c0_g1	5.52692832676379	2.44647013271403	25.9163959925546	3.5652800307803e-07	0.000373997875228854
TRINITY_DN87937_c1_g1	-3.96040084534086	1.21898344560931	25.0093684693196	5.70524260798253e-07	0.000585746333628913
TRINITY_DN33585_c0_g1	1.70114005810906	1.84950876446192	24.9412267526611	5.91048809694615e-07	0.000594176442979249
TRINITY_DN131182_c0_g1	3.48786949903624	0.264355036314394	24.5060876114361	7.40754257974353e-07	0.000697259858373523
TRINITY_DN2319_c0_g1	1.21216228233815	2.65468487188932	24.4971207460033	7.44209656210757e-07	0.000697259858373523
TRINITY_DN6009_c0_g1	1.69228104933259	4.62967706717597	24.4930978770556	7.45765123689753e-07	0.000697259858373523
TRINITY_DN51837_c0_g1	4.18012044370466	0.594945984717516	24.462276695622	7.57790995432869e-07	0.000697259858373523
TRINITY_DN11452_c1_g2	1.57271367919516	1.34630156608099	24.4419243218142	7.65838531392148e-07	0.000697259858373523
TRINITY_DN376_c0_g1	6.14159507647346	7.47770027324642	24.2942716378872	8.26845938409505e-07	0.000738863405778005
TRINITY_DN82078_c0_g1	-1.94221397578449	0.219044857233835	24.0489919691132	9.39154152539458e-07	0.000823962626847982
TRINITY_DN1125_c0_g1	5.22445282956928	7.9001709694873	23.9960967675859	9.65311962879639e-07	0.000831788633157038
TRINITY_DN4303_c0_g1	8.42774734647651	7.4774842084356	23.8610508191571	1.03545737442022e-06	0.000876578248162693
TRINITY_DN77_c3_g2	2.79224580981887	0.757514225152258	23.498562091551	1.25007159162249e-06	0.00103630245859251
TRINITY_DN16541_c1_g1	-2.10625398527164	0.877897737253172	23.4725567014019	1.26708345540179e-06	0.00103630245859251
TRINITY_DN1619_c0_g1	2.61077757611856	3.80628537530191	23.1110833389301	1.52906768095413e-06	0.00122972719794601
TRINITY_DN9805_c0_g1	4.16742195182842	4.89439399636214	22.9886295643623	1.62962403054439e-06	0.0012747312677276
TRINITY_DN371_c0_g1	-2.31693851742521	2.93900557259236	22.9789372792142	1.63786087369154e-06	0.0012747312677276
TRINITY_DN14533_c0_g3	-1.37587765966705	1.18475817780315	22.9093818222842	1.69820960897493e-06	0.00130072073764248
TRINITY_DN11582_c1_g1	-1.54264056772449	0.85771264724245	22.8187612956925	1.78019385723286e-06	0.00132252561014288
TRINITY_DN36228_c0_g1	4.07853982454099	4.50039391586644	22.8153939989762	1.78331559228519e-06	0.00132252561014288
TRINITY_DN962_c9_g2	-1.70942895971278	1.85959739271297	22.759225176984	1.83620553018082e-06	0.00132252561014288
TRINITY_DN18602_c0_g1	-1.9185900983956	0.176103828795807	22.7525182813831	1.84262516515768e-06	0.00132252561014288
TRINITY_DN4711_c2_g2	-1.80969632466851	2.95958442014686	22.7306477535602	1.86371578500676e-06	0.00132252561014288
TRINITY_DN13770_c0_g1	7.53572448591797	8.49192626772098	22.5201166156559	2.07954414837735e-06	0.00142409631394736
TRINITY_DN89531_c0_g1	4.68322718241302	2.67823319285895	22.5193632080605	2.0803599019582e-06	0.00142409631394736
TRINITY_DN84704_c0_g1	4.7973809788571	3.47319799809036	22.5013448078969	2.0999652913911e-06	0.00142409631394736
TRINITY_DN8889_c0_g1	1.79007885550895	3.22779918968627	22.4786705431283	2.12490020732395e-06	0.00142409631394736
TRINITY_DN45089_c0_g2	2.89709452646872	0.968029926857391	22.4055081447106	2.20740042442752e-06	0.00145912191890857
TRINITY_DN200767_c0_g1	4.52121525057141	1.71687034299345	22.3777437053158	2.23954296414311e-06	0.00146036359718597
TRINITY_DN1054_c4_g1	-1.52304201577711	6.0056579838598	22.3010449476194	2.33079740550495e-06	0.00149919553366545
TRINITY_DN43439_c0_g1	7.89550911894843	7.18527218097918	22.2761338437894	2.36123141208136e-06	0.00149919553366545
TRINITY_DN250_c5_g1	2.97885726231441	0.244923932181543	22.0662874457856	2.63395207112093e-06	0.00165063276934895
TRINITY_DN73795_c0_g1	2.90416224666057	2.29648751816837	21.9273036815477	2.83176142708258e-06	0.0017467553110603
TRINITY_DN16771_c0_g1	3.42126833734464	1.13606409689059	21.9084391496865	2.85973534989356e-06	0.0017467553110603
TRINITY_DN46064_c0_g1	-1.75233893114223	2.40436428173178	21.8571142875431	2.93725559457609e-06	0.00177167914325843
TRINITY_DN7756_c0_g1	5.16974213254399	5.92574399941856	21.7452197712971	3.11364720312159e-06	0.00184332462249622
TRINITY_DN87611_c0_g1	1.3984272635271	1.95691213456792	21.7336772993779	3.13243708386227e-06	0.00184332462249622
TRINITY_DN55940_c0_g1	-2.33755516748458	0.354133410196263	21.7092844573478	3.17252108525552e-06	0.00184441966804723
TRINITY_DN3301_c0_g3	1.55972454259811	1.54291585849526	21.6849048093392	3.21309766367581e-06	0.0018457716031311
TRINITY_DN13472_c0_g2	3.34307876939569	0.633656083369455	21.5982531858318	3.36157851618278e-06	0.00190834834964569
TRINITY_DN49415_c0_g1	3.55918362478981	0.463677309901217	21.450833182436	3.6301824872163e-06	0.0020368700667225
TRINITY_DN25104_c0_g1	5.3770213232806	7.86590220194395	21.4048350562866	3.71832319568715e-06	0.00206234445384699
TRINITY_DN58526_c0_g2	-2.36451860565815	1.34609579797449	21.3198871761998	3.88678293483758e-06	0.00212761261031623
TRINITY_DN2643_c1_g1	1.10722213424996	1.59353004193456	21.3015294003423	3.92418291370963e-06	0.00212761261031623
TRINITY_DN82532_c0_g1	2.65394408199567	2.14883061624794	21.2078662570098	4.12069805613252e-06	0.00219421361806152
TRINITY_DN47826_c0_g1	3.64804632967872	3.04729517382756	21.1998511073833	4.13796657776761e-06	0.00219421361806152
TRINITY_DN71301_c0_g1	1.4385371691706	0.514131297791277	21.1783055907329	4.18474691579127e-06	0.00219489975733252
TRINITY_DN21276_c0_g1	-2.40977864699461	0.374505362447521	21.1237392384683	4.30561119838584e-06	0.00223401035233237
TRINITY_DN32359_c0_g1	-1.5853499942714	5.78699631517309	21.1020876124583	4.35453474540748e-06	0.00223535871920098
TRINITY_DN267_c2_g1	-1.29012752689729	5.36049915827829	21.0742444722061	4.41826940420926e-06	0.00224420180874435
TRINITY_DN6324_c0_g2	1.58551130665245	1.22063270200302	20.9972733583821	4.59937474857371e-06	0.00231185655330912
TRINITY_DN21288_c0_g1	-0.937249044769412	4.10133919126302	20.935155314083	4.75095110847234e-06	0.00236342675039406
TRINITY_DN376_c0_g2	5.36815071691963	2.49117976408263	20.8408445882183	4.99072148891418e-06	0.00243879267821801
TRINITY_DN237_c0_g1	2.45726784314813	3.36658636586782	20.8011370361834	5.09527043079886e-06	0.00243879267821801
TRINITY_DN10198_c0_g1	2.76709420835556	3.00823974388048	20.7988676648978	5.10131159767846e-06	0.00243879267821801
TRINITY_DN23502_c0_g1	6.10500333237464	8.5049642273114	20.7976281249853	5.10461434285279e-06	0.00243879267821801
TRINITY_DN36734_c0_g1	5.83677104803624	5.41729678198464	20.7703580731623	5.17782064807087e-06	0.00244951527011776
TRINITY_DN4626_c0_g1	-1.40437730674893	2.10367548370163	20.7098070097761	5.34415930890043e-06	0.0025036608086571
TRINITY_DN38422_c0_g1	4.27803987134269	4.3957864349831	20.3783770926566	6.35437497108025e-06	0.00292636637028352
TRINITY_DN48552_c0_g2	2.22185725478761	3.22139423621355	20.359941251165	6.41589003297529e-06	0.00292636637028352
TRINITY_DN6264_c0_g1	-1.30253265400712	5.03292276861249	20.3427165819508	6.47390380839585e-06	0.00292636637028352
TRINITY_DN44390_c0_g1	1.37491358278597	2.62843808864786	20.3382537422036	6.48902063290787e-06	0.00292636637028352
TRINITY_DN781_c0_g3	-2.68756586881156	1.60905703072301	20.3164325270403	6.56344661813336e-06	0.00293252363992044
TRINITY_DN81816_c1_g1	1.55204338203866	0.314683206924432	20.274924075318	6.70739370753828e-06	0.00296371989129213
TRINITY_DN70926_c0_g1	3.90579543069008	2.52565474305223	20.2610794010527	6.75610701790803e-06	0.00296371989129213
TRINITY_DN98583_c0_g1	2.52625818035425	1.2494810858296	20.1909473734927	7.00838126974825e-06	0.00304668855667056
TRINITY_DN10998_c1_g2	-1.69466205413734	1.03540402107173	20.1395043938888	7.19942145000023e-06	0.00308745813519009
TRINITY_DN63951_c2_g1	4.00719538345278	2.4075957282943	20.1154057456787	7.29070444624624e-06	0.00308745813519009
TRINITY_DN109774_c0_g1	-2.40326805814173	0.626344006180588	20.1145112300212	7.2941150456267e-06	0.00308745813519009
TRINITY_DN612_c0_g2	1.91210031617723	2.00213004732876	20.0068104146209	7.71668380511456e-06	0.00323792052462607
TRINITY_DN120347_c0_g1	1.71402297139878	0.432193147446555	19.9663620020538	7.88165889882048e-06	0.00327863421123865
TRINITY_DN36171_c1_g1	2.61185689285913	1.13903159812611	19.9068878952142	8.13068610785774e-06	0.00335331732862023
TRINITY_DN134486_c0_g1	1.6129170839085	1.22937466916019	19.8821511620272	8.23657459045954e-06	0.00336820059566131
TRINITY_DN65_c1_g1	-1.47284302848987	3.45211686658559	19.7095912300875	9.0147782045162e-06	0.00365545468471197
TRINITY_DN751_c0_g1	-1.4702946365851	2.63410994345116	19.6616909936661	9.24360232512162e-06	0.00371700655497015
TRINITY_DN2785_c1_g1	4.95436959316446	3.64286055420823	19.5164696943921	9.97360507778782e-06	0.00397740776383119
TRINITY_DN58208_c0_g1	3.05559346201632	1.88371497694651	19.4768385774309	1.01826933007551e-05	0.00402750559454621
TRINITY_DN256711_c0_g1	3.07555849224164	2.00808726411715	19.4036888788881	1.05802497357323e-05	0.00415072659144735
TRINITY_DN84393_c0_g1	4.00363987977266	1.91883632155093	19.3773530878763	1.07271650431661e-05	0.00417442437091079
TRINITY_DN32507_c0_g1	1.738184131465	2.71726854205245	19.3452963111233	1.09087623113655e-05	0.00418439640592789
TRINITY_DN8307_c0_g1	4.10572678195915	3.40339880637356	19.3422423821451	1.09262226374376e-05	0.00418439640592789
TRINITY_DN28240_c1_g1	1.06380906716057	2.34724534253174	19.2972120043943	1.11869579789446e-05	0.00425051551429917
TRINITY_DN13441_c0_g2	6.03916148888192	2.02796105882202	19.2061789807015	1.17332988230193e-05	0.00441516179060901
TRINITY_DN6401_c0_g1	3.49234457787414	4.29743740093418	19.1948258896824	1.1803288245297e-05	0.00441516179060901
TRINITY_DN1130_c0_g3	-1.07056569653993	3.15762517128684	19.0862822133354	1.24939702506039e-05	0.00462713267733198
TRINITY_DN736_c5_g3	-1.90533397832029	3.49239357022482	19.0751166484837	1.25672819032689e-05	0.00462713267733198
TRINITY_DN51348_c0_g1	-1.34277685948489	3.90472321450934	19.0614452852574	1.26576348780997e-05	0.00462713267733198
TRINITY_DN67917_c0_g1	-2.03556039838879	0.108952801993817	18.8842439386694	1.38895142904292e-05	0.00503928287646896
TRINITY_DN65048_c0_g1	2.597163774886	1.37627638143546	18.8025054299382	1.44976553114594e-05	0.00522067059253107
TRINITY_DN44_c1_g2	-2.72390369712646	2.25959947276951	18.756368919508	1.48526495386262e-05	0.00527960380538396
TRINITY_DN13358_c0_g1	1.13772954384649	4.35960470047287	18.7528428971691	1.48801367250843e-05	0.00527960380538396
TRINITY_DN12724_c1_g1	4.81709872101231	7.2121787284216	18.7083341414674	1.52315305979236e-05	0.00536483414213288
TRINITY_DN89981_c0_g1	7.35713614690148	9.33440377483014	18.6740370543326	1.55079798577428e-05	0.00542262362359075
TRINITY_DN22161_c0_g2	-1.29290070144856	0.963246359425581	18.5896520921025	1.62098059440724e-05	0.00561423420639281
TRINITY_DN19057_c0_g1	-1.21188236378398	2.71341014851672	18.5804017371263	1.62886556325899e-05	0.00561423420639281
TRINITY_DN15167_c0_g1	5.65161609758637	5.52371980931969	18.5253647036244	1.67658191974199e-05	0.00572640824244004
TRINITY_DN11939_c0_g1	-1.80581930295454	0.683842091144192	18.5156543685063	1.68514521164356e-05	0.00572640824244004
TRINITY_DN86852_c0_g3	1.15304247403898	3.11079554063236	18.3868417379779	1.80298769686379e-05	0.00606503496922694
TRINITY_DN28034_c0_g1	2.43413146433129	1.86649858812301	18.3795161359155	1.80993292901869e-05	0.00606503496922694
TRINITY_DN1520_c5_g2	-1.5756762164391	0.241348690372926	18.3618802089169	1.82676357083554e-05	0.00607921719635158
TRINITY_DN124189_c0_g1	6.23463268383594	7.16279203617819	18.3199089725026	1.86745339600286e-05	0.00616257367421877
TRINITY_DN14518_c0_g1	-1.33355847798824	2.88050908636797	18.3098356954824	1.87735385690339e-05	0.00616257367421877
TRINITY_DN38311_c0_g1	1.62567734265088	2.67499975384428	18.2925251568966	1.89449073767052e-05	0.00617680784159143
TRINITY_DN77810_c0_g1	3.4466934878157	1.43281678161612	18.1984036820893	1.99045596569015e-05	0.00644613840056458
TRINITY_DN22360_c2_g1	1.23677845485221	1.47881503931768	18.1831353941253	2.00647737206995e-05	0.00645470394079088
TRINITY_DN32144_c0_g1	5.50653267314522	8.23067174977037	18.1154326037313	2.07909518256565e-05	0.00658328614408345
TRINITY_DN52936_c0_g1	2.72059609634708	0.924406825580373	18.1073832975618	2.08790263827985e-05	0.00658328614408345
TRINITY_DN4520_c1_g1	3.80452401360736	2.94364255134962	18.0966520874052	2.09970292769683e-05	0.00658328614408345
TRINITY_DN62455_c0_g1	3.94728365342914	1.78752018469979	18.0954583335138	2.10101974175996e-05	0.00658328614408345
TRINITY_DN20165_c0_g1	-1.11850363203871	3.34720210170481	18.0710039760226	2.12817835448992e-05	0.00659249081909348
TRINITY_DN110030_c0_g1	5.04806164165583	4.26933010916519	18.0682298137278	2.13128148501385e-05	0.00659249081909348
TRINITY_DN19596_c0_g1	1.53524682462025	1.53891059664918	17.9845560541278	2.22704474485291e-05	0.0068448291158046
TRINITY_DN1675_c1_g1	3.39641380710462	1.19487016819583	17.89707139742	2.33179654478271e-05	0.00710890400453659
TRINITY_DN3401_c0_g1	5.75402602471131	8.06812929476459	17.8884132459005	2.34242909752833e-05	0.00710890400453659
TRINITY_DN22331_c0_g1	2.15702439568847	2.14698708565768	17.8268259843334	2.41947962011103e-05	0.00729684809930235
TRINITY_DN76782_c0_g1	3.30151218057892	1.62534858558964	17.7496512962626	2.51963672476486e-05	0.00755171121222382
TRINITY_DN111572_c0_g1	5.60865031196094	5.13983788643388	17.7334222479945	2.54122326674177e-05	0.00756939429094799
TRINITY_DN40404_c0_g1	1.27434755643804	3.19005682908323	17.6863178157142	2.60493596601797e-05	0.00764033746246246
TRINITY_DN6341_c0_g2	-1.20876585872489	3.57038470013489	17.6845560276607	2.60734982565595e-05	0.00764033746246246
TRINITY_DN19179_c0_g1	1.38352136421482	2.42072809077347	17.6807725027399	2.6125413049826e-05	0.00764033746246246
TRINITY_DN274_c6_g1	-1.67670541749183	0.80799415219747	17.6213133000301	2.69550472674966e-05	0.00776854444317001
TRINITY_DN4706_c12_g1	-1.75987204033191	3.44940384172942	17.6198834283514	2.69753209432174e-05	0.00776854444317001
TRINITY_DN43859_c0_g1	1.70098738886677	1.55537850791978	17.6148519158624	2.70467829911005e-05	0.00776854444317001
TRINITY_DN85287_c0_g1	1.83775612073374	1.02855539247996	17.5710779605245	2.76765824441958e-05	0.007902401238238
TRINITY_DN11288_c0_g2	1.63885271706171	0.182145771553353	17.5314107151415	2.8260016623762e-05	0.0080215226009589
TRINITY_DN92513_c0_g3	2.79470549412171	0.430854615409328	17.4812008364932	2.90162725720113e-05	0.00818801881105166
TRINITY_DN1451_c0_g1	2.28763808793187	1.77884226125562	17.4439282090711	2.95907929299944e-05	0.00830159373281367
TRINITY_DN1173_c0_g3	-1.59224926827722	3.23189376883725	17.3698023775569	3.07675709464137e-05	0.00858184028004768
TRINITY_DN3729_c0_g2	1.93978728936446	0.193931946286863	17.3576385751217	3.09651199254833e-05	0.00858730400508202
TRINITY_DN15928_c0_g3	1.35912464427139	3.9373454146717	17.2113828995788	3.34426524473627e-05	0.00922138143540023
TRINITY_DN31905_c0_g1	3.1181439127454	1.78787897698976	17.1827204422375	3.39510557378668e-05	0.009308376383949
TRINITY_DN3278_c0_g1	4.68693385150261	5.37617616535904	17.1507333110202	3.4527609017162e-05	0.00934831701538521
TRINITY_DN65321_c0_g1	4.53056876634118	6.96415460406727	17.1377704980367	3.47640506277412e-05	0.00934831701538521
TRINITY_DN27043_c0_g1	0.823472413293214	3.62818792411281	17.1311536167482	3.48853691842209e-05	0.00934831701538521
TRINITY_DN21020_c0_g1	-2.01375866235496	1.37726184550458	17.1303154181122	3.49007676442806e-05	0.00934831701538521
TRINITY_DN87004_c0_g2	-2.51066965978513	1.50053065712012	17.1195955299195	3.50983050516089e-05	0.00934831701538521
TRINITY_DN5055_c1_g1	-1.9807981633196	0.655980128317076	17.1045995678587	3.53765255678951e-05	0.00934831701538521
TRINITY_DN3231_c0_g1	-1.24940194349092	4.83351174304616	17.0999514709635	3.54632110674868e-05	0.00934831701538521
TRINITY_DN124189_c0_g2	6.31182377974595	7.4468969424365	17.0901564138165	3.5646585378018e-05	0.00934831701538521
TRINITY_DN97597_c0_g1	-2.22639754047687	1.20597863893327	17.0419877932616	3.65623183471681e-05	0.00949328191079658
TRINITY_DN7639_c0_g1	2.67348460127418	1.5676347505335	17.0404037784832	3.65928303437676e-05	0.00949328191079658
TRINITY_DN1831_c0_g1	4.00801699980845	4.87822064336384	16.9968683459407	3.74415228334546e-05	0.0096615146674092
TRINITY_DN4089_c0_g1	-0.788024357183744	6.73871814292205	16.9588404096081	3.81990261999551e-05	0.00972902891292421
TRINITY_DN8335_c0_g2	-1.4379276537697	1.80010950324967	16.9573141356335	3.82297485603941e-05	0.00972902891292421
TRINITY_DN1512_c0_g1	-0.94950523637772	4.26673280895976	16.9534309040904	3.83080261419903e-05	0.00972902891292421
TRINITY_DN310098_c0_g1	3.68039949154533	4.37713565209459	16.9347556480222	3.86867355896927e-05	0.00977376826777503
TRINITY_DN111225_c0_g1	5.25664402985743	1.66936124241153	16.919610653299	3.89966179808086e-05	0.0098007437710726
TRINITY_DN18863_c0_g1	-2.35398792792507	2.82283917074399	16.8696627333397	4.00363993713495e-05	0.0100099296127725
TRINITY_DN78651_c0_g1	2.03283321400065	1.69002459746128	16.8348874307148	4.07767421662788e-05	0.0101424789509877
TRINITY_DN138691_c0_g1	-1.17441514417627	2.83157714134811	16.762092234045	4.23713688655541e-05	0.0104850668371202
TRINITY_DN80943_c0_g1	1.3046152240879	3.36109709330013	16.7443286107803	4.276991700955e-05	0.0105296917111165
TRINITY_DN16812_c0_g1	4.75684677610224	2.26970908242664	16.7322182393395	4.3043786124241e-05	0.0105433241403001
TRINITY_DN2287_c1_g3	-3.13788803454889	1.4551444642606	16.7179717288133	4.33682206613653e-05	0.0105691420191592
TRINITY_DN11452_c1_g1	1.47063806735427	1.59488666164156	16.7002123418994	4.37760983860506e-05	0.0106149339272386
TRINITY_DN13933_c14_g1	1.44126460105695	3.1529689001828	16.6307873260642	4.54079258190939e-05	0.0109555702623728
TRINITY_DN71599_c0_g1	-4.79258045373274	1.80616434244585	16.5548055048853	4.72640608222959e-05	0.0112975263094895
TRINITY_DN203081_c0_g1	1.06123520672132	4.67539696560697	16.5536249114424	4.72934951406492e-05	0.0112975263094895
TRINITY_DN78006_c1_g1	1.97599772364428	0.19040704383821	16.5289257901519	4.79135325493852e-05	0.0113760504164082
TRINITY_DN22402_c0_g2	1.50280424528895	0.576588895318349	16.5218083529218	4.80937183435003e-05	0.0113760504164082
TRINITY_DN55212_c0_g1	5.11027740158873	4.9994692100233	16.5006254915575	4.8634027399709e-05	0.0114369662308526
TRINITY_DN54332_c0_g1	1.19827150001512	2.9285726001697	16.4817229459009	4.91213240435707e-05	0.0114369662308526
TRINITY_DN128522_c0_g1	4.15799458017442	1.88009379673275	16.477323795528	4.92354340203204e-05	0.0114369662308526
TRINITY_DN2148_c0_g2	-1.58562498717557	0.41456162255491	16.474865674999	4.9299311477128e-05	0.0114369662308526
TRINITY_DN36699_c0_g1	6.26774310412149	5.2493049953691	16.4654174484043	4.95456125815853e-05	0.0114391099976642
TRINITY_DN34966_c0_g1	2.72469466401251	1.25553574545598	16.4030997169313	5.12014307233517e-05	0.0117651135148791
TRINITY_DN6643_c0_g1	-2.65541249801426	1.28293980827349	16.3682293434052	5.21521209418188e-05	0.0118656776938009
TRINITY_DN185696_c0_g1	3.27595596810805	3.37867532301896	16.3679887334358	5.21587421114126e-05	0.0118656776938009
TRINITY_DN112244_c1_g1	1.27020280235521	2.16525574437334	16.3600823024906	5.23767842827452e-05	0.0118656776938009
TRINITY_DN88959_c0_g1	-3.74641900682188	3.26337420313423	16.3409954250099	5.29069435804861e-05	0.0119297740912747
TRINITY_DN27279_c0_g1	2.56044214528161	2.52594553898616	16.3064752050671	5.38795247890555e-05	0.0120925701821911
TRINITY_DN20007_c0_g1	2.74931139273752	2.07462134667359	16.2228148006948	5.63118456161016e-05	0.0125799620294415
TRINITY_DN1389_c0_g1	1.68927266799951	4.01928368392285	16.2032001913115	5.68979163940828e-05	0.012603566665027
TRINITY_DN76685_c1_g1	-1.93603384262151	0.31283074568365	16.2018031696862	5.69398916768742e-05	0.012603566665027
TRINITY_DN152313_c0_g1	1.80971974454553	0.643215517945346	16.1263330186702	5.92543875492909e-05	0.0130559872913401
TRINITY_DN69216_c0_g2	-2.78353491877999	0.646409906310724	16.1029522179444	5.99904450320568e-05	0.0131580860662585
TRINITY_DN9947_c0_g1	3.68576865244184	4.13213636421638	16.0846824419986	6.05719955393693e-05	0.0132255252160938
TRINITY_DN82827_c0_g1	1.55167755528995	2.16506229354382	16.0352535564076	6.21739617965346e-05	0.013514154741126
TRINITY_DN13798_c0_g1	3.97234085543873	3.30480612020674	16.0179001189879	6.27464279319457e-05	0.0135774266073009
TRINITY_DN7085_c0_g1	2.35960979796278	0.399126029528079	15.9899528448849	6.36795356525504e-05	0.0136919940400813
TRINITY_DN1054_c2_g1	-1.64588661167237	1.39124505261257	15.9850880022698	6.38433841550607e-05	0.0136919940400813
TRINITY_DN1419_c0_g2	-1.43400839542547	2.59283717971128	15.9717298429021	6.42954726198142e-05	0.0137279368840554
TRINITY_DN6727_c0_g1	2.03607988790803	0.407287962838835	15.9451172972786	6.52057578284264e-05	0.0138609631641096
TRINITY_DN64258_c1_g1	4.58421980790258	2.0521610369892	15.7984139821566	7.04615482675526e-05	0.0149125067986951
TRINITY_DN918_c0_g1	1.15539606492531	5.28297091407865	15.7802586688184	7.11409439070071e-05	0.0149905463200381
TRINITY_DN14150_c1_g1	1.4923586355921	1.41657717168922	15.7483792269649	7.23498986400408e-05	0.0151790087346806
TRINITY_DN3220_c0_g1	3.73170506546119	3.66085929337889	15.7185720602021	7.34989572452036e-05	0.0153533276316453
TRINITY_DN17880_c0_g1	-1.49851963831065	0.307052698943639	15.6926723475582	7.45122813348702e-05	0.0154804413035584
TRINITY_DN48957_c0_g1	1.86732845349327	3.30966792178306	15.6866706781336	7.474909486735e-05	0.0154804413035584
TRINITY_DN172198_c0_g1	-1.99885520850567	1.608039574185	15.6151046218637	7.76319778012417e-05	0.0159282262639321
TRINITY_DN19046_c0_g1	-1.23474500126925	2.91850512221642	15.6023926634437	7.81556296211643e-05	0.0159282262639321
TRINITY_DN3206_c0_g2	2.31409019365795	0.579568277156905	15.6023732244749	7.81564330981008e-05	0.0159282262639321
TRINITY_DN585_c0_g1	3.40991774699644	2.18419079495321	15.5960035108036	7.84201624511358e-05	0.0159282262639321
TRINITY_DN1914_c0_g1	-1.33267293954716	6.84691909784237	15.5796407065569	7.9101753531562e-05	0.0159282262639321
TRINITY_DN8187_c0_g1	4.54620586356109	3.88750124350863	15.576933193823	7.92151080227635e-05	0.0159282262639321
TRINITY_DN14966_c0_g2	1.83794447385467	1.68062020499741	15.5767707224341	7.92219153509284e-05	0.0159282262639321
TRINITY_DN77_c6_g1	2.86565066594915	1.24240905289199	15.5162653538491	8.17983718150604e-05	0.016378002628896
TRINITY_DN2540_c0_g2	1.52670142784213	2.88379601721423	15.5052580232709	8.22760737855527e-05	0.0164055771258184
TRINITY_DN13019_c0_g1	3.57908715176925	3.80263056809096	15.4894787970428	8.29657691124481e-05	0.0164750214928069
TRINITY_DN5349_c0_g1	1.41107678298366	4.81398674559954	15.4142676578154	8.63339798005077e-05	0.0170729938688604
TRINITY_DN585_c0_g2	2.50534257536119	2.98507886072584	15.3963214166341	8.71578011119194e-05	0.0170729938688604
TRINITY_DN70388_c0_g1	5.69018191138379	5.80853767916823	15.3927917691157	8.73207578736173e-05	0.0170729938688604
TRINITY_DN32537_c0_g1	-3.0767600675499	1.64729562199923	15.384875948071	8.76873310542938e-05	0.0170729938688604
TRINITY_DN24608_c0_g1	1.17846542122642	3.92167446947629	15.3836090143302	8.77461449719685e-05	0.0170729938688604
TRINITY_DN715_c2_g1	-1.6963989971782	0.376124890465619	15.3624074406416	8.87362807090934e-05	0.0171951190990439
TRINITY_DN60757_c0_g1	2.35377633553234	2.46222241510563	15.3549652965456	8.90864959332068e-05	0.0171951190990439
TRINITY_DN71905_c0_g5	1.98496461542052	0.211957916846325	15.3183735654826	9.08287799994567e-05	0.0174434275596796
TRINITY_DN685_c0_g1	1.97628922819773	4.47043655531049	15.3128250477937	9.10959453110472e-05	0.0174434275596796
TRINITY_DN14281_c0_g1	3.36546698028639	4.17259217063649	15.2459700821826	9.43779161774916e-05	0.0179840134766127
TRINITY_DN5421_c0_g1	-0.957118853528413	2.7573246742791	15.2390420889871	9.47247499953113e-05	0.0179840134766127
TRINITY_DN1708_c0_g1	3.26141422812723	0.529977038279954	15.2328233961317	9.5037166587977e-05	0.0179840134766127
TRINITY_DN20706_c0_g3	-1.66414389165284	3.47162383410747	15.2089746736922	9.62449296596297e-05	0.0181414173273272
TRINITY_DN4716_c0_g1	-1.44172917741516	1.97731418793087	15.175890609206	9.79460149970257e-05	0.0183902218197139
TRINITY_DN32825_c0_g2	1.37339374125601	3.40417035725273	15.0995834189714	0.000101985791973791	0.0189533201005255
TRINITY_DN32442_c4_g1	3.7501432674964	0.227904355059935	15.0995524423763	0.000101987465497882	0.0189533201005255
TRINITY_DN5002_c0_g5	-2.41395380412887	0.74901403108735	15.0970377673408	0.000102123414144664	0.0189533201005255
TRINITY_DN15615_c0_g1	1.29152569800184	1.01163924396993	15.0827118710635	0.000102901388766519	0.0190111118127336
TRINITY_DN5346_c0_g1	1.73793377875808	2.57752341488709	15.0768257277068	0.000103222764847188	0.0190111118127336
TRINITY_DN160555_c0_g1	2.01462050101415	0.275031037428691	15.0696102652431	0.000103618098529033	0.0190113601765018
TRINITY_DN3523_c1_g1	2.51307408560025	2.92088324641593	15.0565175396579	0.000104339341500579	0.0190711764574581
TRINITY_DN26861_c0_g1	-2.93306879172617	1.55872128558901	15.048954814484	0.000104758251595707	0.0190754893301858
TRINITY_DN3854_c0_g1	1.51207795747956	2.87757351847274	15.0225708305828	0.000106232996496595	0.0192713045599499
TRINITY_DN15038_c0_g1	1.13396769942848	1.63873134931948	15.0110060846383	0.000106885982907066	0.0193171393977437
TRINITY_DN12576_c4_g1	1.40550755289913	1.86666639719631	14.9694313433979	0.000109266986046059	0.0196141998526417
TRINITY_DN48545_c0_g5	4.05443108552186	2.28830000103409	14.9653473682556	0.000109503737639863	0.0196141998526417
TRINITY_DN10508_c0_g1	1.09078270007525	0.998219928127955	14.9611239073781	0.000109749118419473	0.0196141998526417
TRINITY_DN16564_c4_g1	1.23125608958152	2.62379108446623	14.9328444033568	0.000111406463134609	0.0197986290258978
TRINITY_DN47144_c0_g1	-1.82491748867887	1.7768002166574	14.918345177296	0.000112265948381627	0.0197986290258978
TRINITY_DN7648_c0_g2	1.11003753043754	2.67423986420039	14.9182904309167	0.000112269206253421	0.0197986290258978
TRINITY_DN28642_c0_g1	-1.86870425925098	0.587592208225801	14.9157200492277	0.000112422272829113	0.0197986290258978
TRINITY_DN29984_c0_g1	3.50589448352441	2.14364992186017	14.9075066352595	0.00011291279214755	0.0198127049901378
TRINITY_DN27238_c0_g1	2.60960025707726	4.1400639447938	14.8930643318333	0.000113780541777346	0.019816196399041
TRINITY_DN49329_c0_g1	1.31899119216423	2.57211176287256	14.8923134096066	0.000113825843234443	0.019816196399041
TRINITY_DN45866_c1_g1	-1.12251392970142	1.72337345462931	14.8783245023803	0.000114673089879031	0.019816196399041
TRINITY_DN74847_c1_g1	3.63479008200362	0.504864722043778	14.8777828025019	0.000114706025620411	0.019816196399041
TRINITY_DN22021_c3_g1	-1.88244797822571	0.341931021306749	14.871891156064	0.00011506485748818	0.019816196399041
TRINITY_DN291456_c0_g1	3.67324728815837	0.220182788345004	14.8664594806882	0.00011539667567726	0.019816196399041
TRINITY_DN77969_c1_g1	1.2198893115641	0.505827673086244	14.8555166857648	0.000116068093004727	0.0198608147512415
TRINITY_DN34093_c0_g1	3.67449517433604	2.68444621573799	14.8425924267031	0.000116866153767928	0.0199267116039491
TRINITY_DN98375_c0_g1	1.6789976991192	0.36225640358754	14.8271233742945	0.000117828618582172	0.020020078031916
TRINITY_DN36248_c0_g1	-1.30862959802401	4.09509611433832	14.8002162868589	0.000119521792834191	0.0202365073383195
TRINITY_DN3787_c0_g4	-1.41154373913446	3.50710868773258	14.7895344373191	0.000120200738616413	0.0202803022419455
TRINITY_DN14771_c0_g2	0.796918168029622	6.31500305691612	14.7782703574437	0.000120920897442007	0.0203307212026712
TRINITY_DN1399_c4_g3	1.18185326862329	2.13139391440798	14.7471933385269	0.000122930381586363	0.0205968146981541
TRINITY_DN18499_c0_g1	1.31247265468418	3.10766005237425	14.7205166435693	0.000124682129601035	0.0207288120671599
TRINITY_DN3408_c0_g1	1.89061385472962	3.57775195606475	14.7181408414363	0.00012483935211471	0.0207288120671599
TRINITY_DN31517_c0_g3	1.88733622333824	2.60721382690651	14.7098022898581	0.000125392750339655	0.0207288120671599
TRINITY_DN58835_c4_g2	1.82150749482084	1.61243872559366	14.7091445764181	0.000125436505235021	0.0207288120671599
TRINITY_DN12273_c1_g3	1.10326489583991	2.09842016488544	14.6470096259078	0.000129640165250262	0.0212422591613337
TRINITY_DN11124_c0_g1	3.57862346154915	8.53335346379423	14.6397485023413	0.000130140573145604	0.0212422591613337
TRINITY_DN2370_c0_g1	3.54601772834655	3.24907034291767	14.6365377862981	0.000130362462581613	0.0212422591613337
TRINITY_DN7538_c0_g1	-0.858764547676771	4.06857050879051	14.6272468682592	0.000131006696886692	0.0212422591613337
TRINITY_DN4883_c2_g1	2.52442611184538	0.399529405488148	14.6271910003702	0.00013101058045736	0.0212422591613337
TRINITY_DN33642_c0_g1	-1.58795692022775	2.46041072473534	14.6246858806151	0.000131184839185921	0.0212422591613337
TRINITY_DN2118_c0_g3	4.59591749046188	2.31110112178413	14.6082774315085	0.00013233201218102	0.0213563508889062
TRINITY_DN1151_c0_g3	-0.812772793945479	5.27296836027461	14.5728439729495	0.000134843864821584	0.0216891861770024
TRINITY_DN26340_c0_g1	-4.41035102689264	1.04240328247318	14.469748864384	0.000142428616492639	0.0227996578578266
TRINITY_DN3689_c2_g1	0.971678766680037	3.14319703922285	14.4662588345268	0.000142692764808382	0.0227996578578266
TRINITY_DN266821_c0_g1	2.3683813563254	0.364855609749279	14.4513458277682	0.000143827047346483	0.0229050506358323
TRINITY_DN76736_c0_g4	1.23437365706245	3.16641668130893	14.4324520316425	0.000145277155835876	0.023059881176659
TRINITY_DN81592_c0_g1	1.49012158268155	1.41098961604336	14.4176599949613	0.000146422719722697	0.0231551930289703
TRINITY_DN55684_c0_g1	-1.23660854850715	2.01484548495585	14.4123349179633	0.000146837341295331	0.0231551930289703
TRINITY_DN141495_c0_g1	1.20355336062759	1.95706982950488	14.3948019878387	0.00014821086440794	0.0232956581470382
TRINITY_DN30811_c1_g1	4.38953804235574	6.0471840461983	14.3674756243512	0.000150377443516551	0.0234949178445194
TRINITY_DN2479_c1_g1	-2.94039735499759	2.7453255052866	14.3665374607215	0.000150452389728447	0.0234949178445194
TRINITY_DN79535_c0_g1	3.06793493193869	1.57014476272959	14.3567530759328	0.000151236271103948	0.0235411452446771
TRINITY_DN133223_c0_g1	2.78697962102807	0.870664238960099	14.3315308856649	0.000153275979304267	0.023781926383756
TRINITY_DN19370_c0_g1	0.981052027906775	4.16453025346616	14.3215277716261	0.000154092578589621	0.0238319977155883
TRINITY_DN64116_c0_g1	1.8884050106133	3.1014574363065	14.2991208196567	0.000155937692977005	0.0239762509045694
TRINITY_DN219516_c0_g1	4.2160268806397	5.45255995845083	14.2981390944655	0.000156019040577668	0.0239762509045694
TRINITY_DN87108_c2_g1	1.6900298873126	1.80949118014321	14.2805211617759	0.000157486182362791	0.0241248833134416
TRINITY_DN5132_c1_g1	-1.18398988160599	6.14233367744821	14.2707987294025	0.000158301763595259	0.0241730800649545
TRINITY_DN31226_c0_g1	2.17168110525498	1.65506006743097	14.2617990201041	0.000159060508647587	0.0242123210860588
TRINITY_DN38493_c0_g1	1.29504509415618	4.56108166104879	14.246873330413	0.000160326942082207	0.0242318645075561
TRINITY_DN1923_c2_g2	1.0404043834756	1.51545183794375	14.2464678139619	0.000160361491174817	0.0242318645075561
TRINITY_DN118101_c0_g1	3.38690855050679	0.811484706607383	14.2425529245901	0.000160695416803124	0.0242318645075561
TRINITY_DN19886_c0_g1	1.32967077155181	1.09856423602768	14.2332767853504	0.000161489435357754	0.0242757358683896
TRINITY_DN32189_c0_g1	1.21132057312056	4.69020851761595	14.155236507782	0.0001683279332925	0.0251309758483673
TRINITY_DN2266_c3_g1	0.925599674064105	4.67406078132224	14.1533200329586	0.000168499489668902	0.0251309758483673
TRINITY_DN28854_c4_g1	1.21733449283664	0.836630216546374	14.1506235834699	0.000168741164978468	0.0251309758483673
TRINITY_DN73989_c0_g1	3.08405026062909	0.269849626129623	14.1379621620123	0.000169880649885366	0.0251686240721984
TRINITY_DN8001_c0_g1	1.57669796061115	3.93954110713915	14.1362301625506	0.000170037125368605	0.0251686240721984
TRINITY_DN4426_c1_g1	-2.55176069671845	0.686448826011029	14.1297349973382	0.00017062521754711	0.025178438065805
TRINITY_DN111590_c0_g1	3.76923448912107	1.48982400217064	14.1198653424733	0.000171522770333299	0.0252337187794604
TRINITY_DN93649_c0_g1	1.0409490471197	2.95757619501459	14.0506813686965	0.000177949347653866	0.026025725964207
TRINITY_DN1014_c0_g2	2.29952705786918	2.71835654254673	14.050304320076	0.000177985028561121	0.026025725964207
TRINITY_DN28120_c0_g1	3.71867658449082	2.59238726715861	14.0434461128682	0.000178635294273755	0.0260418957398362
TRINITY_DN32272_c1_g2	-3.1356522375628	0.766913205637522	14.0313665601721	0.000179786450298871	0.0261307691949449
TRINITY_DN42704_c0_g2	-1.85370288013914	1.50594179042914	14.0246640092701	0.00018042840959426	0.0261453227524366
TRINITY_DN4147_c0_g1	1.51710011867424	2.97786137914759	13.9992500603433	0.000182883561642352	0.0263545788732198
TRINITY_DN16203_c0_g2	2.90763752177622	3.82005616254941	13.9984149263641	0.00018296480960187	0.0263545788732198
TRINITY_DN37016_c0_g1	-1.15002477438787	0.548568146742048	13.9888836188061	0.000183894664541907	0.0264096819726345
TRINITY_DN2141_c1_g1	0.898652669286422	1.886718250998	13.9725375619577	0.000185500448507391	0.0264946667565297
TRINITY_DN99488_c0_g1	1.28080204225491	0.205584189167633	13.9671176723753	0.000186035993066559	0.0264946667565297
TRINITY_DN2165_c0_g2	-1.87071992466254	3.48785415241836	13.9661312798158	0.000186133626859194	0.0264946667565297
TRINITY_DN6986_c0_g1	1.24683762458255	1.52390563732224	13.9414776403552	0.000188590698598247	0.0267654575592936
TRINITY_DN16999_c1_g1	-2.13494095948518	0.108036244261603	13.9210865786771	0.000190647617020451	0.026978035518196
TRINITY_DN11828_c0_g1	4.86635936029763	5.5565626895583	13.9102536285804	0.000191749552058665	0.027054628318827
TRINITY_DN22112_c0_g1	1.51002730552057	2.03444321863133	13.8886868679434	0.000193962477004184	0.0272870710360347
TRINITY_DN1123_c0_g1	1.10043427773355	2.67972851298776	13.8589833143717	0.000197052486602384	0.0276411938619518
TRINITY_DN977_c4_g1	1.28441776544793	1.58959259412093	13.8255663280385	0.000200588123748822	0.0280555922416685
TRINITY_DN415_c0_g1	-1.5716123646871	2.50256027543947	13.8053271642496	0.000202760505627146	0.028184421557282
TRINITY_DN75674_c0_g1	1.87782978944996	0.459656462108585	13.7950868929159	0.000203868665446204	0.028184421557282
TRINITY_DN36914_c1_g1	1.66011003482179	1.284860001085	13.7935522255005	0.000204035265744978	0.028184421557282
TRINITY_DN26611_c1_g1	2.78651105572856	1.2799063666668	13.7924516874024	0.000204154822311811	0.028184421557282
TRINITY_DN67912_c1_g1	2.26393016700842	0.257231337335435	13.7899244623211	0.000204429633710131	0.028184421557282
TRINITY_DN2416_c1_g1	1.957662147251	0.14618628734244	13.774484873447	0.000206116652750196	0.0283360483242392
TRINITY_DN457_c4_g1	-1.56864552625404	2.03438278384898	13.7633803439446	0.000207338663459136	0.0284023538945665
TRINITY_DN35340_c0_g1	1.65949197880593	1.04557850908944	13.7479428068553	0.000209049642273182	0.0284023538945665
TRINITY_DN220252_c0_g1	0.842159574084227	3.5782261199135	13.7464590562622	0.000209214837345969	0.0284023538945665
TRINITY_DN730_c0_g1	1.6651939602874	4.1616725008669	13.7441743657197	0.000209469463201868	0.0284023538945665
TRINITY_DN15352_c1_g2	4.08441116023307	2.28173770892729	13.7435243366447	0.000209541965152437	0.0284023538945665
TRINITY_DN28371_c0_g2	1.21250876006694	0.356853851556142	13.7281911714799	0.000211259523934034	0.0284930485767266
TRINITY_DN25662_c0_g1	-0.917933350023453	0.463691510340318	13.7270134042864	0.000211392037768229	0.0284930485767266
TRINITY_DN3023_c0_g2	4.41331536994493	6.2531946005651	13.7047892768011	0.000213908295207019	0.0287518965930906
TRINITY_DN8484_c1_g1	1.46246145235776	5.10727134536995	13.6863270794282	0.000216021554108373	0.0289552890887373
TRINITY_DN76462_c1_g2	-2.44469593176669	0.898383065763979	13.6537967644784	0.000219796427825154	0.0293796588040858
TRINITY_DN196858_c0_g1	4.11445541416021	1.119348532981	13.6177953224101	0.000224051638273191	0.0298657120255098
TRINITY_DN47345_c1_g1	-2.11268894642863	0.936003595760075	13.6086953524284	0.000225140294999232	0.0299281537049392
TRINITY_DN16564_c2_g1	1.31101565402401	2.16179614652959	13.5948383642025	0.000226808295265518	0.0300670535157756
TRINITY_DN110707_c0_g1	2.9230994152296	0.367117520109641	13.5578932835772	0.000231316583999764	0.0305806861488345
TRINITY_DN11222_c0_g1	2.6951826578752	1.64851498211193	13.5451755844545	0.000232889287720065	0.0307044800263497
TRINITY_DN17706_c0_g1	-1.89248478794339	3.12213402366039	13.5025725828716	0.000238236621831411	0.0311625904817955
TRINITY_DN49835_c1_g1	1.39747327786878	1.90465917704026	13.4991178502585	0.000238675630201056	0.0311625904817955
TRINITY_DN63824_c0_g1	2.43162669250564	3.26125231051739	13.4977406116344	0.000238850869290526	0.0311625904817955
TRINITY_DN51346_c0_g1	1.7420721084193	2.33980814459051	13.4969839161162	0.000238947205998764	0.0311625904817955
TRINITY_DN36005_c1_g1	-1.16838975441682	0.805738477322588	13.4850888975041	0.000240466745333937	0.0312762326936491
TRINITY_DN28397_c0_g1	1.3459068732867	4.46467293183231	13.4764604830256	0.000241575080216725	0.03133592451822
TRINITY_DN9524_c0_g1	0.872344789584561	7.33426624990344	13.4622491085466	0.000243411790197984	0.0314152908866267
TRINITY_DN19927_c0_g1	2.34557083591135	4.34796555320985	13.4583488807299	0.000243918321138775	0.0314152908866267
TRINITY_DN18218_c1_g1	-1.80549783431237	1.22894111382592	13.4566441453383	0.000244140052275149	0.0314152908866267
TRINITY_DN87004_c0_g1	-2.17345720263649	1.7861258653378	13.4485636173897	0.000245193835190239	0.0314669769235899
TRINITY_DN3036_c5_g4	-1.98655881653741	2.50767367024132	13.4370428632683	0.000246704190470368	0.0315768276046609
TRINITY_DN2470_c0_g1	2.27099941448054	2.86529648004375	13.4076435424866	0.000250601033905256	0.0318826238934422
TRINITY_DN8940_c1_g1	1.62428968248907	1.60111466599325	13.4073683272623	0.000250637804918723	0.0318826238934422
TRINITY_DN164726_c0_g1	2.32088302665202	2.17577554257655	13.4040955043817	0.000251075497979609	0.0318826238934422
TRINITY_DN50248_c0_g1	3.58929303963099	0.998101485518475	13.3848942707625	0.000253658949779026	0.0321119018618874
TRINITY_DN96794_c0_g4	3.48344759275822	0.432297646091714	13.3764651235596	0.000254801505299959	0.0321119018618874
TRINITY_DN53495_c0_g1	-1.56642164384504	1.57345144148537	13.3759059002485	0.000254877490220559	0.0321119018618874
TRINITY_DN25465_c0_g3	3.00572594463549	1.93035061952756	13.370187944355	0.000255655733919052	0.0321260723555466
TRINITY_DN48291_c0_g2	-1.1407731715275	0.580005107109983	13.3646967040455	0.000256405374858154	0.0321269320231445
TRINITY_DN25935_c0_g1	-1.46522724913069	1.4593486480796	13.360395157717	0.000256994150970568	0.0321269320231445
TRINITY_DN8819_c0_g1	1.97147406699926	1.06139302455566	13.3478395318686	0.000258720513226928	0.0322591722099539
TRINITY_DN88691_c0_g1	-1.40461569472735	0.498160749290077	13.3191004444082	0.000262716182976887	0.0326729553952751
TRINITY_DN22231_c0_g1	-0.996224797047201	2.18639157702317	13.2498314291795	0.000272604383094291	0.033781225891619
TRINITY_DN70536_c0_g4	-2.55165082409012	0.614776828980592	13.2398983424505	0.000274052771974006	0.033781225891619
TRINITY_DN67637_c0_g2	2.87079482103375	1.47475253399617	13.235908447638	0.000274636738286263	0.033781225891619
TRINITY_DN44290_c0_g1	1.78526578847768	0.763199935895828	13.2344304051992	0.000274853384799786	0.033781225891619
TRINITY_DN314_c6_g1	1.03860951656035	3.11009112427444	13.2299255617702	0.000275514752934543	0.033781225891619
TRINITY_DN60453_c0_g1	2.17271859463406	0.244822428235146	13.2277958977616	0.000275827972837441	0.033781225891619
TRINITY_DN12734_c0_g1	3.10929330908628	0.291152882816995	13.2220137233662	0.000276680196443897	0.0337998131625413
TRINITY_DN17046_c0_g1	4.03159324612755	2.00451950175922	13.1896279191529	0.000281502783108345	0.0343021093336113
TRINITY_DN71826_c1_g1	-1.53083718362626	0.388983463111566	13.1478637017147	0.00028784724236548	0.0349143126858841
TRINITY_DN8889_c1_g1	1.04695202031719	3.30502418277378	13.1452736846529	0.000288245409490315	0.0349143126858841
TRINITY_DN38765_c1_g1	1.25905796397222	0.596114147012534	13.1423370582721	0.000288697533088817	0.0349143126858841
TRINITY_DN1532_c0_g1	-1.11013380090312	4.2776752493143	13.1237305293989	0.000291578860921674	0.0351632323384353
TRINITY_DN27662_c0_g2	-3.79711376494158	0.89180043073166	13.1196590523917	0.000292213208598511	0.0351632323384353
TRINITY_DN32791_c2_g1	-1.18554649538481	0.182307433833698	13.0799413039308	0.00029847480738062	0.0356862713091756
TRINITY_DN47593_c1_g1	-1.83369418460137	0.908967689626876	13.079085916988	0.000298611139000739	0.0356862713091756
TRINITY_DN33670_c1_g1	-1.66692499200528	2.85303672191899	13.070142581589	0.000300040293413761	0.0356862713091756
TRINITY_DN29807_c0_g1	-1.26493177894969	0.566529650519751	13.0700779295387	0.000300050649945999	0.0356862713091756
TRINITY_DN789_c10_g1	2.23896862492692	1.09465247860666	13.0687870146456	0.000300257515470744	0.0356862713091756
TRINITY_DN896_c0_g2	-1.07882330164922	5.11280671214502	13.057135407673	0.000302131171251224	0.0358018805740513
TRINITY_DN16393_c0_g2	4.4839842490044	3.15104992065125	13.0535250927508	0.000302714122647095	0.0358018805740513
TRINITY_DN14472_c0_g1	1.234496930372	2.45006734840429	13.0349426472853	0.000305732587188173	0.0360704651886995
TRINITY_DN93411_c0_g2	1.86800756803044	2.21530190949894	13.0263214114607	0.000307143276743975	0.036148516282936
TRINITY_DN1360_c1_g2	1.68503393321677	1.84649752195555	12.9942940622102	0.000312441622354879	0.0366826229808085
TRINITY_DN51761_c0_g1	1.49282184362749	1.12288165926312	12.9698308277158	0.000316550623175932	0.0370411103641762
TRINITY_DN39749_c0_g3	-1.37389652178069	0.723874091334364	12.966996116547	0.000317030268587159	0.0370411103641762
TRINITY_DN44929_c0_g1	-1.51671704340469	0.703549412178004	12.9560306462461	0.000318892584013849	0.0371687022922809
TRINITY_DN52259_c0_g1	-2.25629806242152	0.12073055887759	12.9416863892174	0.000321345397764426	0.0373643393342761
TRINITY_DN5809_c1_g1	1.32526075507313	0.634935762938025	12.9366104107163	0.000322217920503903	0.0373705428380823
TRINITY_DN9_c0_g2	-0.789684685107484	3.35337626393837	12.9299246921575	0.000323370791988323	0.0373705428380823
TRINITY_DN15716_c0_g1	-0.709806152860561	7.34633565299542	12.9278920850864	0.000323722114359813	0.0373705428380823
TRINITY_DN12734_c1_g1	0.994686817956875	0.733047495047394	12.914841756466	0.000325986962103242	0.0375421834590211
TRINITY_DN24906_c0_g1	2.25462843030607	1.58200965455498	12.9085199017649	0.000327089840243442	0.0375795075026358
TRINITY_DN17879_c0_g1	2.19220998254587	1.08858379191002	12.8968291576724	0.000329139269345506	0.0376480167693644
TRINITY_DN63406_c0_g1	-1.7723170582512	4.66488807098068	12.8927105401657	0.000329864358023948	0.0376480167693644
TRINITY_DN558_c0_g3	-0.699127227353077	5.08352776884244	12.8917893444131	0.000330026756195157	0.0376480167693644
TRINITY_DN111622_c0_g1	2.68342345531266	1.89303316778974	12.8750602453567	0.000332990006191092	0.0378964616951532
TRINITY_DN16100_c0_g1	-1.93156192650335	0.28171048476883	12.8652836790983	0.000334734150495871	0.0380053216424182
TRINITY_DN11443_c4_g1	1.01043861921074	1.39728557028101	12.8482670661555	0.000337791924584245	0.0382624683776717
TRINITY_DN36577_c0_g1	1.91601168471931	0.207070140837347	12.83638977917	0.00033994287299801	0.0383873181661506
TRINITY_DN173_c16_g1	1.37118759572475	0.364352126862057	12.8334071512713	0.000340485186204511	0.0383873181661506
TRINITY_DN36614_c0_g1	1.53764326416335	1.50635339963178	12.8062457416009	0.000345464107665493	0.0388578672524259
TRINITY_DN34409_c0_g1	1.18673820521786	2.5540238411482	12.7982756576749	0.00034693897981815	0.0389330082142907
TRINITY_DN27860_c0_g1	1.36783426636876	1.05080478283888	12.793561868395	0.000347814258107706	0.0389406710225737
TRINITY_DN14976_c0_g1	1.96889557700304	1.7519832572636	12.7781478679001	0.00035069197922702	0.0390995727369518
TRINITY_DN31536_c0_g1	1.14048959975494	1.10345390536955	12.7772831579298	0.000350854125981268	0.0390995727369518
TRINITY_DN2643_c0_g1	2.14640336294382	1.90341593679366	12.7534971639899	0.000355344143936027	0.0394973762392931
TRINITY_DN12463_c1_g3	1.24083025045753	0.398126681803618	12.7497286418803	0.000356060817011906	0.0394973762392931
TRINITY_DN44229_c0_g1	1.10272033669799	4.15822734470366	12.7413188365707	0.000357665400157692	0.0395843720624066
TRINITY_DN2426_c0_g1	1.14907347578224	3.04855788316761	12.7323451269373	0.00035938561968609	0.0396837384263904
TRINITY_DN444_c0_g1	1.23269539812493	2.00426489053226	12.7274774810115	0.000360322213674155	0.0396963198598919
TRINITY_DN724_c1_g2	-1.38766994700086	3.20702772195983	12.7194185584477	0.000361878262969402	0.0397769332604226
TRINITY_DN136_c0_g1	1.05435556667661	3.45933097824274	12.6921334786005	0.00036719707266009	0.0400625144089068
TRINITY_DN494_c0_g1	-1.12256494174635	3.033639476486	12.6907488676085	0.000367469073939015	0.0400625144089068
TRINITY_DN4001_c1_g1	-1.29488837438955	1.36554357043298	12.6894968320597	0.000367715206265459	0.0400625144089068
TRINITY_DN14747_c1_g1	-3.8845286761498	3.21958371294822	12.6890791096089	0.000367797361527453	0.0400625144089068
TRINITY_DN47264_c0_g1	-2.05368569727071	1.97511475408844	12.6805911947192	0.000369470731980467	0.0401541457229402
TRINITY_DN7714_c3_g1	-1.27887587101085	1.38668283258418	12.6694150138411	0.000371685805586142	0.0403041053095589
TRINITY_DN14030_c4_g2	1.094829473751	1.14408657273527	12.6483281554458	0.000375901681106027	0.0406698648432516
TRINITY_DN38553_c0_g1	1.4134760354719	1.55012908433419	12.6345080343018	0.000378690857456594	0.0408799745765335
TRINITY_DN27915_c0_g2	1.87070905454869	0.715040643262337	12.6249633362021	0.000380629346533837	0.0409718087895191
TRINITY_DN8257_c1_g1	1.4185145168885	1.47523912217514	12.6219680669428	0.000381239734457124	0.0409718087895191
TRINITY_DN58619_c0_g3	0.96251024478706	0.540709291466136	12.5977932645147	0.000386202455097335	0.0414129183739263
TRINITY_DN34400_c0_g1	1.38201781193479	2.70928024236768	12.591688136787	0.000387466018997877	0.0414562866534891
TRINITY_DN10954_c1_g1	-1.52826315252298	1.14156088644221	12.5727618695522	0.000391409709045401	0.0417819084334103
TRINITY_DN22695_c0_g1	3.16728427388593	1.05453523539792	12.5687962313841	0.000392241151414077	0.0417819084334103
TRINITY_DN81991_c0_g1	-1.74682295325674	1.21575436029229	12.5431141548826	0.000397669001081506	0.0422667840929229
TRINITY_DN8073_c0_g1	1.28215579110324	4.2665022986321	12.5379899749992	0.000398761019502095	0.0422897016155035
TRINITY_DN971_c1_g1	1.83493456423083	1.23169254719461	12.5152526167621	0.000403643208640754	0.0425168785016192
TRINITY_DN11416_c0_g2	-2.45757763405583	0.648784664416243	12.5093678421858	0.000404916587647528	0.0425168785016192
TRINITY_DN21842_c1_g1	1.65147732565874	5.48117837070559	12.5061643072497	0.000405611488455057	0.0425168785016192
TRINITY_DN12001_c2_g1	1.60993291407933	1.11864069026515	12.5050456227836	0.000405854433313656	0.0425168785016192
TRINITY_DN65949_c0_g1	1.51274003514231	2.1411358094399	12.500968932248	0.000406741011667628	0.0425168785016192
TRINITY_DN14079_c0_g1	1.57820510831409	3.92853056860229	12.5006412320895	0.000406812363050207	0.0425168785016192
TRINITY_DN1303_c0_g1	2.44018023217148	0.745029792254265	12.4994544455697	0.000407070872212627	0.0425168785016192
TRINITY_DN10971_c1_g1	-1.12047900377721	0.352161136982309	12.4935455602415	0.000408360430924999	0.0425594475893195
TRINITY_DN325453_c0_g1	2.44997308621067	2.06129856092768	12.4500924324545	0.000417971134902553	0.0434671964301461
TRINITY_DN4373_c1_g1	1.29700794780862	4.10207513836499	12.4307763322697	0.00042231631450596	0.0437570139685655
TRINITY_DN9860_c0_g1	0.936441772225081	6.24249678465678	12.4296478635655	0.000422571569390134	0.0437570139685655
TRINITY_DN29239_c1_g1	-2.06040738921464	1.91161028903844	12.4181831542161	0.000425173679065969	0.0439321856737672
TRINITY_DN34886_c1_g1	-2.06201270386447	2.09731715270793	12.4117899877739	0.000426631731317519	0.0439886486388794
TRINITY_DN60026_c0_g1	1.88471813436531	1.76984020788404	12.3935679896103	0.000430815258195657	0.0443252867142286
TRINITY_DN25640_c1_g1	-1.29942386786013	2.83640712564092	12.3752458923463	0.0004350635040143	0.0446671368568214
TRINITY_DN70075_c0_g2	2.06209079221968	0.788103232100459	12.3573614942457	0.000439251029103639	0.0449336117865546
TRINITY_DN7224_c0_g1	-2.95830257498081	0.596526351627196	12.3550938361291	0.000439784884915649	0.0449336117865546
TRINITY_DN18039_c0_g1	-1.73890137744019	0.365722504665762	12.3495039617863	0.000441103660070954	0.0449336117865546
TRINITY_DN3952_c2_g1	0.901572718488538	2.77061723036357	12.3483188745308	0.000441383760658741	0.0449336117865546
TRINITY_DN292431_c0_g1	3.19438165769724	0.335802011235123	12.3438106436354	0.000442450941822253	0.044947426835139
TRINITY_DN9812_c0_g2	3.43196032727861	2.42456599400051	12.3344726829425	0.000444669697748759	0.0450596691652132
TRINITY_DN43893_c0_g2	-1.11327814832065	2.36158145228273	12.3313111849836	0.000445423430012159	0.0450596691652132
TRINITY_DN11926_c0_g1	-0.805241429030083	4.83989670538839	12.3237386975912	0.000447234031853416	0.0451481819519973
TRINITY_DN5332_c0_g1	0.716744392897656	6.5080600027392	12.3121271833908	0.00045002481167706	0.0453350673542063
TRINITY_DN4171_c2_g1	1.16950758799641	1.66994037916405	12.2947205791445	0.000454241370841116	0.0456645064761817
TRINITY_DN23872_c0_g1	3.22408563815934	1.35861796676279	12.2803462102248	0.000457753444597155	0.0459219016956157
TRINITY_DN37159_c0_g2	2.84646905317875	3.29591499212751	12.2736724084566	0.000459393349316082	0.0459645107540911
TRINITY_DN21954_c0_g1	1.96940393253123	4.54338020682062	12.2708718206774	0.000460083282095288	0.0459645107540911
TRINITY_DN12724_c2_g1	1.18493134765039	3.514104354213	12.2378590761349	0.000468295311012682	0.0465928295300398
TRINITY_DN171192_c0_g1	-1.33222867728794	1.65381475017589	12.2378260163514	0.000468303608448405	0.0465928295300398
TRINITY_DN24506_c1_g1	1.3948095541216	1.72661274269092	12.2333117044969	0.000469438017361301	0.0466095927772679
TRINITY_DN14747_c0_g2	-3.71988278070034	4.7489907272479	12.2077454980488	0.000475915120207409	0.0469574591308393
TRINITY_DN40565_c0_g1	1.51575952039198	3.34413493352217	12.2035077233383	0.000476997425654797	0.0469574591308393
TRINITY_DN17590_c0_g1	1.3828655743326	1.85252984086529	12.2029686018282	0.0004771352924518	0.0469574591308393
TRINITY_DN3915_c3_g1	1.11996957402367	1.63906696239082	12.2020478028874	0.000477370856678636	0.0469574591308393
TRINITY_DN32478_c0_g1	2.53232724087404	1.45410659868203	12.2003430798322	0.000477807278842005	0.0469574591308393
TRINITY_DN7169_c0_g1	1.91050279323609	1.47774812877731	12.1864783954696	0.000481371732572216	0.0472116089096336
TRINITY_DN294121_c0_g1	1.96000703433594	2.75629878493282	12.1797819751949	0.000483102905533435	0.0472852892568162
TRINITY_DN9453_c0_g3	-1.46772453752333	1.66577916814373	12.1675329505464	0.000486285825431652	0.0475004781789048
TRINITY_DN10253_c0_g1	1.49926324919998	5.67588956973354	12.1582847208317	0.00048870300164229	0.0476401507903981
TRINITY_DN55252_c0_g1	1.54969997195478	0.546478625706251	12.1383711919919	0.000493948977253768	0.0480544636056518
TRINITY_DN172_c2_g1	0.994859070153255	2.64215442333301	12.1283382653817	0.000496613523674628	0.048205675730595
TRINITY_DN21702_c0_g3	1.73521763243653	0.536366132983029	12.1229130580941	0.000498060389718777	0.048205675730595
TRINITY_DN34769_c0_g2	1.28855700224068	0.468106314049135	12.1212668116786	0.00049850027333624	0.048205675730595
TRINITY_DN21635_c2_g1	-1.31762245392261	0.421781650492122	12.1104221585371	0.000501407824165175	0.0483898662945327
TRINITY_DN22950_c0_g1	0.748232328213956	4.41207806129365	12.1019122514086	0.000503701389593724	0.0484854835028428
TRINITY_DN8658_c1_g1	-1.03460295799111	3.81378407164842	12.0951169043693	0.000505540453700878	0.0484854835028428
TRINITY_DN13314_c0_g1	-0.872253035564373	3.76617514360877	12.0933453883828	0.000506021002062947	0.0484854835028428
TRINITY_DN135713_c0_g1	1.28883989610898	0.316499748721057	12.0918839571307	0.000506417782679835	0.0484854835028428
TRINITY_DN1389_c0_g4	1.7289135773984	1.37450843036401	12.0856732782155	0.0005081074967272	0.0485509290041076
TRINITY_DN5157_c0_g2	-1.40106832859251	0.574737083854158	12.0778047803683	0.000510256421472946	0.0486599078295564
TRINITY_DN30990_c0_g1	-0.872502750326014	4.90205430468263	12.0663603440694	0.000513398338092028	0.0488629652984077
TRINITY_DN45342_c0_g1	-0.930010990307506	3.0070424794779	12.0600496252424	0.000515139207032691	0.0489321403467627
TRINITY_DN35996_c0_g1	2.20166801163507	0.990794128236585	12.0462769508082	0.00051895924511785	0.0491960526284046
TRINITY_DN25270_c0_g1	2.14695910984268	1.93548504767258	12.040694279661	0.000520515807416699	0.0491960526284046
TRINITY_DN5743_c0_g1	-1.2742474329119	0.372432966151434	12.0390464901143	0.000520976144840112	0.0491960526284046
TRINITY_DN31841_c0_g4	-1.12324324918451	2.74052850682389	12.0265008666142	0.000524494475732353	0.0494315555312285
TRINITY_DN56184_c0_g1	-1.37523313618131	1.31804687170343	12.0193007129406	0.00052652453044791	0.0495261494975311
TRINITY_DN14802_c0_g1	-1.03755982532582	4.69621730210295	12.0058742962676	0.000530331265398587	0.0497300085691528
TRINITY_DN109654_c0_g1	-2.18856236092151	0.808820816513498	12.0043928831864	0.000530752982407959	0.0497300085691528
TRINITY_DN2169_c1_g1	0.751793081058165	3.9729501986209	11.9984857678097	0.000532437942436852	0.0497912024696664
TRINITY_DN35096_c0_g2	-2.25373136593748	0.660212109948803	11.9894371063124	0.000535029482275362	0.0499367749278826
