genes	logFC	logCPM	LR	PValue	FDR
TRINITY_DN9732_c0_g2	2.44292940474994	1.63306294721886	54.4290610276284	1.61161811510447e-13	7.77670205262511e-09
TRINITY_DN144673_c0_g1	6.57177522958061	4.27133496036604	39.1038879012115	4.01842968118222e-10	9.69526529178834e-06
TRINITY_DN12350_c0_g1	-3.98395442123653	2.53286710035428	30.3487401518709	3.60941325336224e-08	0.000580562090425805
TRINITY_DN195478_c0_g1	-3.11558252761015	1.22858888921744	29.3119544755937	6.16144057884115e-08	0.000604986980221296
TRINITY_DN5000_c0_g1	-2.98844218698303	2.36850701070533	29.2784887500188	6.26877544059866e-08	0.000604986980221296
TRINITY_DN102282_c0_g2	-2.54694248275239	0.485204815586848	28.5726544732919	9.02477316815218e-08	0.000725802340760025
TRINITY_DN34660_c0_g1	-3.13022550397399	0.103503527916232	27.5710780431158	1.51426150951786e-07	0.0010438453554325
TRINITY_DN773_c0_g1	-1.78795333282822	5.25741475577932	26.4331473199214	2.72818335170204e-07	0.00164557199316288
TRINITY_DN12307_c0_g1	-1.58553803733379	4.19480132142972	25.3362558672084	4.81571457028011e-07	0.00258197212082552
TRINITY_DN97745_c0_g2	-1.12873368431497	5.67657137112403	24.6099310807673	7.01890776800903e-07	0.00338690375437508
TRINITY_DN531_c3_g1	4.31501809816372	5.55308299045751	23.9040609314777	1.01257936473502e-06	0.00444190951508397
TRINITY_DN82915_c0_g1	-1.46122376204569	1.45742320374487	23.5361042438451	1.22591597445754e-06	0.00492961245262283
TRINITY_DN60925_c0_g1	-2.91568957868572	1.52736431550114	23.156504398125	1.4933720902212e-06	0.00554316744934876
TRINITY_DN40308_c0_g2	2.75824000448983	4.2740252897181	22.8556464703748	1.74635533717045e-06	0.00601918788855878
TRINITY_DN12244_c0_g3	1.36687533604821	3.43420567524064	21.7721742301853	3.07020750178291e-06	0.00933602190781881
TRINITY_DN1897_c6_g1	-1.49966410239031	3.6615669236842	21.6804480744503	3.22057138938317e-06	0.00933602190781881
TRINITY_DN11329_c2_g2	-3.14595610957456	0.200183198568072	21.4089884801769	3.71027705594446e-06	0.00933602190781881
TRINITY_DN13770_c0_g1	8.04044340235398	8.49192726155895	21.3676690962406	3.79110609007556e-06	0.00933602190781881
TRINITY_DN13103_c0_g1	-2.77996758419415	3.58622450207517	21.3392256571055	3.84777175860502e-06	0.00933602190781881
TRINITY_DN16481_c1_g1	3.34664976834194	4.5916490273104	21.3284141937982	3.86953285025855e-06	0.00933602190781881
TRINITY_DN43439_c0_g1	8.44369524667066	7.18527464411917	21.1709121385817	4.20092183101366e-06	0.00965291819208253
TRINITY_DN1805_c0_g2	2.20416280494043	0.665756789873356	21.0152278601681	4.55647434302508e-06	0.0099940051340151
TRINITY_DN14602_c1_g1	-2.1899214220793	1.83232866574247	20.8241862454131	5.03431773994538e-06	0.0105619986184054
TRINITY_DN4602_c0_g2	-2.21010124911098	0.509246692410444	20.6628584877552	5.47681355662582e-06	0.0110115900567259
TRINITY_DN4303_c0_g1	8.59081020316449	7.47748622397467	20.2690770464386	6.72792367119788e-06	0.0128281977535071
TRINITY_DN67326_c1_g1	-3.21833727480445	2.46756367673307	20.2174289594314	6.91203095269168e-06	0.0128281977535071
TRINITY_DN946_c0_g1	-2.12208053276046	4.22131567977811	20.1175320516279	7.28260371454061e-06	0.0130153614682016
TRINITY_DN8407_c0_g1	-2.31673487162297	2.70105157679894	19.9039479383791	8.14319903260029e-06	0.0137476014098613
TRINITY_DN7203_c0_g1	-2.14226574884622	2.28118409504336	19.8762307827305	8.26212212222774e-06	0.0137476014098613
TRINITY_DN124189_c0_g1	6.98716717778733	7.16279447230454	19.7737433691221	8.71719983852353e-06	0.0140213253669372
TRINITY_DN124189_c0_g2	7.29075968354065	7.44689895429751	19.6487362990073	9.3064839551897e-06	0.0141899390919936
TRINITY_DN12434_c0_g2	-1.52642704472876	6.26442786103698	19.6275671502208	9.41016394379314e-06	0.0141899390919936
TRINITY_DN13058_c0_g2	-2.55342220356298	2.96754431912287	19.5382652488218	9.86045768429118e-06	0.0144183795484178
TRINITY_DN35440_c0_g1	-4.149580221427	2.16663502397878	19.232964312835	1.15698198487632e-05	0.0164202966759476
TRINITY_DN192863_c0_g1	4.37959298965968	3.29799354452876	19.1127362145951	1.2321986218749e-05	0.0169324156523843
TRINITY_DN1437_c2_g1	-1.21933550509522	6.13773121588126	19.0652438903114	1.26324649456177e-05	0.0169324156523843
TRINITY_DN4247_c3_g1	-1.97970556478319	1.03466760206337	18.9936115796642	1.31156842517195e-05	0.0171049791319588
TRINITY_DN93063_c2_g1	-1.40848237452285	0.185155986945431	18.6336437648484	1.58400374523176e-05	0.0190189533352288
TRINITY_DN55212_c0_g1	5.7732458643461	4.99947570118231	18.5916099078574	1.61931668142725e-05	0.0190189533352288
TRINITY_DN7056_c0_g1	-1.6321204457367	4.30138588242224	18.5599613673408	1.64642575126893e-05	0.0190189533352288
TRINITY_DN89981_c0_g1	7.99414657073471	9.33440432508132	18.5174249818009	1.68358048533379e-05	0.0190189533352288
TRINITY_DN7839_c0_g1	2.65946142298924	1.05599461789056	18.4729390975977	1.7233394655231e-05	0.0190189533352288
TRINITY_DN7553_c0_g1	-1.40209038803204	6.25279104122075	18.4571590871615	1.737668235555e-05	0.0190189533352288
TRINITY_DN15167_c0_g1	6.08036096983627	5.52372727551346	18.4203342138844	1.77157368617685e-05	0.0190189533352288
TRINITY_DN15638_c3_g3	3.23238627820503	2.38718330028827	18.418111465824	1.77364135633376e-05	0.0190189533352288
TRINITY_DN11846_c1_g1	-1.47001854126028	2.31802693726303	18.2445409615549	1.94281959696272e-05	0.0197435326569382
TRINITY_DN31889_c0_g1	-1.56199274706927	2.28872093034542	18.2383443935773	1.94915031452915e-05	0.0197435326569382
TRINITY_DN51148_c0_g1	-1.41153522115638	1.82257861765636	18.2239265228724	1.96396064063712e-05	0.0197435326569382
TRINITY_DN4255_c0_g1	1.13750961635468	4.04775876203917	18.1819068215368	2.00777216271332e-05	0.0197720485590957
TRINITY_DN36340_c0_g1	-1.25280673516673	2.84284289872174	18.047499616072	2.15461429198738e-05	0.0204886934947171
TRINITY_DN15931_c0_g4	1.43537701325524	1.14237469381653	18.0379361444874	2.16546476609312e-05	0.0204886934947171
TRINITY_DN35940_c2_g1	-1.85385992386958	2.36731401121226	17.8604882286858	2.37705518782101e-05	0.0220581578909836
TRINITY_DN22417_c0_g1	-1.30871368585284	4.2971409915566	17.8126998406273	2.43750860965289e-05	0.0221923661226775
TRINITY_DN23007_c0_g1	-1.40040962574773	1.16038532837445	17.7444326163249	2.52655800896565e-05	0.0225771352156719
TRINITY_DN171773_c0_g1	3.1269483239364	2.30873685797991	17.624040080153	2.69164275880363e-05	0.0236150053969655
TRINITY_DN4240_c2_g1	3.93408294920296	0.212660211301839	17.5855687377725	2.74664806924983e-05	0.0236672778452824
TRINITY_DN6165_c0_g3	3.1906028350625	1.2041875200102	17.5045078564321	2.86627279963845e-05	0.024207388667257
TRINITY_DN117928_c0_g1	-1.50359963768799	0.137974133131858	17.4759435034357	2.90966249989826e-05	0.024207388667257
TRINITY_DN67386_c0_g1	-1.10894525016126	2.23227614770264	17.3837435873524	3.05427127906703e-05	0.0249626205359626
TRINITY_DN1113_c1_g1	-0.965080731204218	6.03866972518516	17.3531078567533	3.10390274828565e-05	0.0249626205359626
TRINITY_DN20757_c0_g1	-1.8630750165375	3.34875535008184	17.3107472629594	3.17386721980713e-05	0.0251068506269792
TRINITY_DN5463_c0_g1	2.11070193434569	1.02716026306657	17.2197108291435	3.3296374604231e-05	0.0259142461314929
TRINITY_DN123978_c0_g1	-1.02289388363834	0.771106811234951	17.1327486219436	3.48560863674638e-05	0.0263615786212946
TRINITY_DN15736_c0_g1	-0.905681458418595	4.66270543369538	17.1235991798201	3.50243978982686e-05	0.0263615786212946
TRINITY_DN48678_c1_g1	-1.17088454799177	1.54135541290677	17.0974439775579	3.55100636296297e-05	0.0263615786212946
TRINITY_DN5063_c1_g1	-1.28665149731409	2.40711315040381	17.0352795299101	3.66917113307766e-05	0.026826088462959
TRINITY_DN9057_c1_g1	-1.40952934713117	1.31318389630397	17.0023354562646	3.73338683725406e-05	0.0268881863350534
TRINITY_DN16393_c0_g2	5.36291605917449	3.15108804280169	16.8975175506821	3.9453146445086e-05	0.0279966489494291
TRINITY_DN18869_c0_g1	-1.84509928609897	3.55811006714807	16.863479364909	4.0167044318576e-05	0.0280033218865449
TRINITY_DN31983_c0_g1	-1.44553099835656	2.06684381105901	16.8296902353019	4.08885629634185e-05	0.0280033218865449
TRINITY_DN110892_c0_g1	-1.62663048446735	0.571461173155277	16.815126990257	4.12035448656005e-05	0.0280033218865449
TRINITY_DN32735_c1_g1	-1.89428242338189	1.69165574320085	16.6804330205509	4.42349091158147e-05	0.0296459903399239
TRINITY_DN15770_c0_g1	-1.10621270556243	3.93654519228962	16.5093604901815	4.84104891039799e-05	0.0311992959738522
TRINITY_DN111225_c0_g1	5.58509524125257	1.66945659224982	16.5076248073429	4.84548247569811e-05	0.0311992959738522
TRINITY_DN4690_c0_g1	-1.04819686355567	4.13114518251066	16.5061591448909	4.84922948986387e-05	0.0311992959738522
TRINITY_DN29953_c0_g1	-1.43637013692963	0.186820884170367	16.310505315813	5.37650587680929e-05	0.0341365677078363
TRINITY_DN2435_c1_g1	-1.68543655626321	5.01842796205696	16.2121945177291	5.66284145731782e-05	0.035446105578648
TRINITY_DN25131_c0_g2	0.90283391319042	7.19671172531474	16.1899686508927	5.72967263881657e-05	0.035446105578648
TRINITY_DN36280_c0_g1	-1.23955105899466	2.63568917547109	16.1133680255424	5.96614130785542e-05	0.0364417952745893
TRINITY_DN66450_c0_g1	-1.12658109713999	4.7307682318714	15.9833698904292	6.39013516391769e-05	0.038489079008385
TRINITY_DN11940_c0_g1	3.4185802153532	0.459622951704255	15.9625377688616	6.46084345272761e-05	0.038489079008385
TRINITY_DN44156_c0_g1	-1.94243651102467	1.1057532973736	15.9196427372232	6.60892595630189e-05	0.0387965516169684
TRINITY_DN9057_c0_g2	-1.41483862651637	1.24035744154201	15.9013081497913	6.67325772828859e-05	0.0387965516169684
TRINITY_DN27753_c0_g1	-1.15444304408669	6.3986388919807	15.8455672761255	6.87273394906436e-05	0.0394805838069228
TRINITY_DN22631_c3_g1	-2.61901695205566	4.3526414499863	15.7618806695443	7.18353846536611e-05	0.0406825759063202
TRINITY_DN22406_c0_g1	-1.23698847900136	0.1423500164977	15.7443036585119	7.25059379107128e-05	0.0406825759063202
TRINITY_DN30690_c0_g1	2.32191457551777	0.728982579164963	15.7224165299569	7.33497288291364e-05	0.0406829633898983
TRINITY_DN15906_c0_g3	3.02456829843869	2.27862776905768	15.6963588062982	7.43671955711763e-05	0.0407785756260402
TRINITY_DN13873_c0_g2	3.03328335705758	2.65361535873509	15.6221549328239	7.73430729957474e-05	0.0419338499363685
TRINITY_DN102913_c0_g1	-1.06948375214885	1.14934257532481	15.5158861695822	8.18147813543499e-05	0.0426689331416665
TRINITY_DN13441_c0_g2	5.92281251750275	2.02804099911256	15.509575532567	8.2088366579166e-05	0.0426689331416665
TRINITY_DN11012_c0_g2	1.08505141287409	2.04620908268056	15.499427650165	8.2530239487673e-05	0.0426689331416665
TRINITY_DN36151_c0_g1	-1.10840601625996	1.52518056622558	15.4975194307258	8.26135966974406e-05	0.0426689331416665
TRINITY_DN34906_c0_g1	-1.65706047539946	1.69426001913832	15.4859648672841	8.31201499423188e-05	0.0426689331416665
TRINITY_DN23502_c0_g1	5.78983908498574	8.50496389363198	15.402832365181	8.68580060188027e-05	0.0435829886404926
TRINITY_DN60969_c0_g1	-1.44645542760991	0.114394677939828	15.3954281585647	8.71990121069663e-05	0.0435829886404926
TRINITY_DN24569_c0_g1	-1.86681512794725	1.58106555202151	15.3819561428407	8.7822934663415e-05	0.0435829886404926
TRINITY_DN27845_c0_g1	-2.23076249345881	0.146984818198703	15.3671558837444	8.85135509339801e-05	0.0435829886404926
TRINITY_DN412_c1_g1	-1.42491932041761	3.11859614187168	15.3474997158569	8.94392114283554e-05	0.0435939364471097
TRINITY_DN14609_c0_g2	-1.23786721463412	0.164267145396764	15.1955567511664	9.69312266000863e-05	0.0464909176139804
TRINITY_DN376_c0_g2	5.07090493522551	2.49116503703478	15.1881978181793	9.73097086047172e-05	0.0464909176139804
TRINITY_DN150_c3_g2	-1.96836747700009	1.13575928169733	15.1401260418254	9.98189767573165e-05	0.0466455206824384
TRINITY_DN21045_c0_g3	-2.39761111552553	1.47926527392609	15.1330705199266	0.000100192704012517	0.0466455206824384
TRINITY_DN13982_c0_g1	-1.78835969280181	1.02545780880255	15.1266633918549	0.000100533306067343	0.0466455206824384
TRINITY_DN12429_c3_g1	4.34699745610899	3.20949193177458	15.050961499654	0.000104646933750425	0.04791580355368
TRINITY_DN28974_c0_g1	-1.21238094766367	0.480042646482808	15.0399888830918	0.000105257080795169	0.04791580355368
TRINITY_DN409_c0_g1	-0.853868007056186	6.72565295970501	15.0080212490674	0.000107055172144346	0.0482788810902174
TRINITY_DN39756_c0_g3	-0.970756961752203	0.258234683157137	14.9327139584997	0.000111414166046091	0.0486353814107894
TRINITY_DN81682_c0_g1	-1.29324032426303	7.2993915384677	14.9257105770338	0.000111828511332699	0.0486353814107894
TRINITY_DN116338_c0_g1	1.69927819014682	2.06946587422251	14.9106385353992	0.000112725496048847	0.0486353814107894
TRINITY_DN2677_c0_g1	3.86410343140884	3.49279075655423	14.9086852986121	0.000112842268160571	0.0486353814107894
TRINITY_DN8712_c0_g2	-1.26335524421802	0.789747974891915	14.9079675969699	0.000112885205744776	0.0486353814107894
TRINITY_DN10610_c2_g1	-1.6648608791556	2.81343763549504	14.8864086912575	0.000114182694902822	0.0487590421224845
TRINITY_DN29945_c0_g1	-1.62334386051859	4.40088073280007	14.8185493527059	0.000118365516035486	0.0499830111586619
TRINITY_DN30811_c1_g1	4.73855468902823	6.04718905333554	14.7830799583598	0.000120612870104785	0.0499830111586619
TRINITY_DN57793_c0_g1	1.27114127454518	4.19338926759866	14.7665635869599	0.000121673962532421	0.0499830111586619
TRINITY_DN1441_c0_g1	-1.74600631944487	0.726532825868494	14.745579122398	0.000123035672737914	0.0499830111586619
TRINITY_DN825_c0_g1	-0.800875602389664	5.62588209142674	14.7429524942939	0.000123207194990848	0.0499830111586619
TRINITY_DN8054_c0_g2	-1.94670347817259	2.54312791246903	14.6873323481522	0.000126896320838694	0.0499830111586619
TRINITY_DN44489_c0_g1	-2.21999153200447	0.104298446970461	14.6733223568776	0.000127842968793804	0.0499830111586619
TRINITY_DN54947_c0_g2	1.88962088749175	2.53413366924769	14.667592004547	0.000128232211459135	0.0499830111586619
TRINITY_DN18760_c0_g1	1.06953377530678	3.20334511296633	14.6521372066432	0.000129287960043397	0.0499830111586619
TRINITY_DN55853_c0_g2	-1.22381307810563	0.537703929901434	14.6485890723998	0.00012953157281049	0.0499830111586619
TRINITY_DN2140_c0_g2	-2.18390718502044	0.135340545637787	14.6475254657034	0.000129604689395467	0.0499830111586619
TRINITY_DN60549_c0_g1	-1.26481257952808	1.47748141296619	14.6413489822654	0.000130030107593575	0.0499830111586619
TRINITY_DN99489_c0_g1	-1.54523545837037	2.40320672124831	14.6343371887099	0.000130514763667083	0.0499830111586619
TRINITY_DN3339_c2_g1	-1.31587967025363	4.05818749028894	14.608755007091	0.000132298480900718	0.0499865006400554
TRINITY_DN173337_c0_g2	4.69640475868492	0.94192263462285	14.5965801329118	0.000133155973235865	0.0499865006400554
TRINITY_DN9432_c0_g1	-1.08998677219862	5.34184742430442	14.589861251346	0.00013363158665742	0.0499865006400554
